exercicio;instituicao;cod_ibge;uf;anexo;rotulo;coluna;cod_conta;conta;valor;populacao
2014;Prefeitura Municipal de Tuparetama - PE;2615904;PE;DCA-Anexo I-C;NA;Receitas Brutas Realizadas;TotalReceitas;Total Receitas;22290601,89;8139
2014;Prefeitura Municipal de Tuparetama - PE;2615904;PE;DCA-Anexo I-C;NA;Deduções - FUNDEB;TotalReceitas;Total Receitas;2128693,94;8139
2014;Prefeitura Municipal de Tuparetama - PE;2615904;PE;DCA-Anexo I-C;NA;Receitas Brutas Realizadas;RO1.0.0.0.00.00.00;1.0.0.0.00.00.00 - Receitas Correntes;20731141,85;8139
2014;Prefeitura Municipal de Tuparetama - PE;2615904;PE;DCA-Anexo I-C;NA;Deduções - FUNDEB;RO1.0.0.0.00.00.00;1.0.0.0.00.00.00 - Receitas Correntes;2128693,94;8139
2014;Prefeitura Municipal de Tuparetama - PE;2615904;PE;DCA-Anexo I-C;NA;Receitas Brutas Realizadas;RO1.1.0.0.00.00.00;1.1.0.0.00.00.00 - Receita Tributária;1050147,35;8139
2014;Prefeitura Municipal de Tuparetama - PE;2615904;PE;DCA-Anexo I-C;NA;Receitas Brutas Realizadas;RO1.1.1.0.00.00.00;1.1.1.0.00.00.00 - Impostos;959157,91;8139
2014;Prefeitura Municipal de Tuparetama - PE;2615904;PE;DCA-Anexo I-C;NA;Receitas Brutas Realizadas;RO1.1.1.2.00.00.00;1.1.1.2.00.00.00 - Impostos sobre o Patrimônio e a Renda;733261,27;8139
2014;Prefeitura Municipal de Tuparetama - PE;2615904;PE;DCA-Anexo I-C;NA;Receitas Brutas Realizadas;RO1.1.1.2.02.00.00;1.1.1.2.02.00.00 - Imposto sobre a Propriedade Predial e Territorial Urbana ¿ IPTU;69205,61;8139
2014;Prefeitura Municipal de Tuparetama - PE;2615904;PE;DCA-Anexo I-C;NA;Receitas Brutas Realizadas;RO1.1.1.2.04.00.00;1.1.1.2.04.00.00 - Imposto sobre a Renda e Proventos de Qualquer Natureza ¿ IR;642024,90;8139
2014;Prefeitura Municipal de Tuparetama - PE;2615904;PE;DCA-Anexo I-C;NA;Receitas Brutas Realizadas;RO1.1.1.2.04.31.00;1.1.1.2.04.31.00 - Retido nas Fontes - Trabalho;642024,90;8139
2014;Prefeitura Municipal de Tuparetama - PE;2615904;PE;DCA-Anexo I-C;NA;Receitas Brutas Realizadas;RO1.1.1.2.08.00.00;"1.1.1.2.08.00.00 - Imposto sobre Transmissão ""Inter Vivos"" de Bens Imóveis e de Direitos Reais sobre Imóveis ¿ ITBI";22030,76;8139
2014;Prefeitura Municipal de Tuparetama - PE;2615904;PE;DCA-Anexo I-C;NA;Receitas Brutas Realizadas;RO1.1.1.3.00.00.00;1.1.1.3.00.00.00 - Impostos sobre a Produção e a Circulação;225896,64;8139
2014;Prefeitura Municipal de Tuparetama - PE;2615904;PE;DCA-Anexo I-C;NA;Receitas Brutas Realizadas;RO1.1.1.3.05.00.00;1.1.1.3.05.00.00 - Imposto sobre Serviços de Qualquer Natureza ¿ ISSQN;225896,64;8139
2014;Prefeitura Municipal de Tuparetama - PE;2615904;PE;DCA-Anexo I-C;NA;Receitas Brutas Realizadas;RO1.1.2.0.00.00.00;1.1.2.0.00.00.00 - Taxas;90989,44;8139
2014;Prefeitura Municipal de Tuparetama - PE;2615904;PE;DCA-Anexo I-C;NA;Receitas Brutas Realizadas;RO1.1.2.1.00.00.00;1.1.2.1.00.00.00 - Taxas pelo Exercício do Poder de Polícia;59683,22;8139
2014;Prefeitura Municipal de Tuparetama - PE;2615904;PE;DCA-Anexo I-C;NA;Receitas Brutas Realizadas;RO1.1.2.2.00.00.00;1.1.2.2.00.00.00 - Taxas pela Prestação de Serviços;31306,22;8139
2014;Prefeitura Municipal de Tuparetama - PE;2615904;PE;DCA-Anexo I-C;NA;Receitas Brutas Realizadas;RO1.2.0.0.00.00.00;1.2.0.0.00.00.00 - Receitas de Contribuições;643267,26;8139
2014;Prefeitura Municipal de Tuparetama - PE;2615904;PE;DCA-Anexo I-C;NA;Receitas Brutas Realizadas;RO1.2.1.0.00.00.00;1.2.1.0.00.00.00 - Contribuições Sociais;597315,74;8139
2014;Prefeitura Municipal de Tuparetama - PE;2615904;PE;DCA-Anexo I-C;NA;Receitas Brutas Realizadas;RO1.2.1.0.29.00.00;1.2.1.0.29.00.00 - Contribuições para o Regime Próprio de Previdência do Servidor Público;597315,74;8139
2014;Prefeitura Municipal de Tuparetama - PE;2615904;PE;DCA-Anexo I-C;NA;Receitas Brutas Realizadas;RO1.2.1.0.29.08.00;1.2.1.0.29.08.00 - Contribuição de Servidor Ativo Militar;597315,74;8139
2014;Prefeitura Municipal de Tuparetama - PE;2615904;PE;DCA-Anexo I-C;NA;Receitas Brutas Realizadas;RO1.2.3.0.00.00.00;1.2.3.0.00.00.00 - Contribuição para Custeio do Serviço de Iluminação Pública;45951,52;8139
2014;Prefeitura Municipal de Tuparetama - PE;2615904;PE;DCA-Anexo I-C;NA;Receitas Brutas Realizadas;RO1.3.0.0.00.00.00;1.3.0.0.00.00.00 - Receita Patrimonial;195995,24;8139
2014;Prefeitura Municipal de Tuparetama - PE;2615904;PE;DCA-Anexo I-C;NA;Receitas Brutas Realizadas;RO1.3.2.0.00.00.00;1.3.2.0.00.00.00 - Receitas de Valores Mobiliários;195995,24;8139
2014;Prefeitura Municipal de Tuparetama - PE;2615904;PE;DCA-Anexo I-C;NA;Receitas Brutas Realizadas;RO1.3.2.5.00.00.00;1.3.2.5.00.00.00 - Remuneração de Depósitos Bancários;195995,24;8139
2014;Prefeitura Municipal de Tuparetama - PE;2615904;PE;DCA-Anexo I-C;NA;Receitas Brutas Realizadas;RO1.6.0.0.00.00.00;1.6.0.0.00.00.00 - Receita de Serviços;2403,92;8139
2014;Prefeitura Municipal de Tuparetama - PE;2615904;PE;DCA-Anexo I-C;NA;Receitas Brutas Realizadas;RO1.6.0.0.05.00.00;1.6.0.0.05.00.00 - Serviços de Saúde;2403,92;8139
2014;Prefeitura Municipal de Tuparetama - PE;2615904;PE;DCA-Anexo I-C;NA;Receitas Brutas Realizadas;RO1.7.0.0.00.00.00;1.7.0.0.00.00.00 - Transferências Correntes;18679755,91;8139
2014;Prefeitura Municipal de Tuparetama - PE;2615904;PE;DCA-Anexo I-C;NA;Deduções - FUNDEB;RO1.7.0.0.00.00.00;1.7.0.0.00.00.00 - Transferências Correntes;2128693,94;8139
2014;Prefeitura Municipal de Tuparetama - PE;2615904;PE;DCA-Anexo I-C;NA;Receitas Brutas Realizadas;RO1.7.2.0.00.00.00;1.7.2.0.00.00.00 - Transferências Intergovernamentais;18479411,41;8139
2014;Prefeitura Municipal de Tuparetama - PE;2615904;PE;DCA-Anexo I-C;NA;Deduções - FUNDEB;RO1.7.2.0.00.00.00;1.7.2.0.00.00.00 - Transferências Intergovernamentais;2128693,94;8139
2014;Prefeitura Municipal de Tuparetama - PE;2615904;PE;DCA-Anexo I-C;NA;Receitas Brutas Realizadas;RO1.7.2.1.00.00.00;1.7.2.1.00.00.00 - Transferências da União;10610445,52;8139
2014;Prefeitura Municipal de Tuparetama - PE;2615904;PE;DCA-Anexo I-C;NA;Deduções - FUNDEB;RO1.7.2.1.00.00.00;1.7.2.1.00.00.00 - Transferências da União;1388607,05;8139
2014;Prefeitura Municipal de Tuparetama - PE;2615904;PE;DCA-Anexo I-C;NA;Receitas Brutas Realizadas;RO1.7.2.1.01.00.00;1.7.2.1.01.00.00 - Participação na Receita da União;7243218,18;8139
2014;Prefeitura Municipal de Tuparetama - PE;2615904;PE;DCA-Anexo I-C;NA;Deduções - FUNDEB;RO1.7.2.1.01.00.00;1.7.2.1.01.00.00 - Participação na Receita da União;1386994,49;8139
2014;Prefeitura Municipal de Tuparetama - PE;2615904;PE;DCA-Anexo I-C;NA;Receitas Brutas Realizadas;RO1.7.2.1.01.02.00;1.7.2.1.01.02.00 - Cota-Parte do Fundo de Participação dos Municípios ¿ FPM;7240987,29;8139
2014;Prefeitura Municipal de Tuparetama - PE;2615904;PE;DCA-Anexo I-C;NA;Deduções - FUNDEB;RO1.7.2.1.01.02.00;1.7.2.1.01.02.00 - Cota-Parte do Fundo de Participação dos Municípios ¿ FPM;1386684,10;8139
2014;Prefeitura Municipal de Tuparetama - PE;2615904;PE;DCA-Anexo I-C;NA;Receitas Brutas Realizadas;RO1.7.2.1.01.05.00;1.7.2.1.01.05.00 - Cota-Parte do Imposto Sobre a Propriedade Territorial Rural ¿ ITR;2230,89;8139
2014;Prefeitura Municipal de Tuparetama - PE;2615904;PE;DCA-Anexo I-C;NA;Deduções - FUNDEB;RO1.7.2.1.01.05.00;1.7.2.1.01.05.00 - Cota-Parte do Imposto Sobre a Propriedade Territorial Rural ¿ ITR;310,39;8139
2014;Prefeitura Municipal de Tuparetama - PE;2615904;PE;DCA-Anexo I-C;NA;Receitas Brutas Realizadas;RO1.7.2.1.22.00.00;1.7.2.1.22.00.00 - Transferências da Compensação Financeira pela Exploração de Recursos Naturais;111112,63;8139
2014;Prefeitura Municipal de Tuparetama - PE;2615904;PE;DCA-Anexo I-C;NA;Receitas Brutas Realizadas;RO1.7.2.1.22.70.00;1.7.2.1.22.70.00 - Cota-Parte do Fundo Especial do Petróleo ¿ FEP;108197,49;8139
2014;Prefeitura Municipal de Tuparetama - PE;2615904;PE;DCA-Anexo I-C;NA;Receitas Brutas Realizadas;RO1.7.2.1.22.90.00;1.7.2.1.22.90.00 - Outras Transferências Decorrentes de Compensação Financeira pela Exploração de Recursos Naturais;2915,14;8139
2014;Prefeitura Municipal de Tuparetama - PE;2615904;PE;DCA-Anexo I-C;NA;Receitas Brutas Realizadas;RO1.7.2.1.33.00.00;1.7.2.1.33.00.00 - Transferências de Recursos do Sistema Único de Saúde - SUS - Repasses Fundo a Fundo;2032398,23;8139
2014;Prefeitura Municipal de Tuparetama - PE;2615904;PE;DCA-Anexo I-C;NA;Receitas Brutas Realizadas;RO1.7.2.1.34.00.00;1.7.2.1.34.00.00 - Transferências de Recursos do Fundo Nacional de Assistência Social ¿ FNAS;319067,24;8139
2014;Prefeitura Municipal de Tuparetama - PE;2615904;PE;DCA-Anexo I-C;NA;Receitas Brutas Realizadas;RO1.7.2.1.35.00.00;1.7.2.1.35.00.00 - Transferências de Recursos do Fundo Nacional do Desenvolvimento da Educação ¿ FNDE;759701,20;8139
2014;Prefeitura Municipal de Tuparetama - PE;2615904;PE;DCA-Anexo I-C;NA;Receitas Brutas Realizadas;RO1.7.2.1.36.00.00;1.7.2.1.36.00.00 - Transferências Financeiras do ICMS ¿ Desoneração ¿ L.C. Nº 87/96;8063,04;8139
2014;Prefeitura Municipal de Tuparetama - PE;2615904;PE;DCA-Anexo I-C;NA;Deduções - FUNDEB;RO1.7.2.1.36.00.00;1.7.2.1.36.00.00 - Transferências Financeiras do ICMS ¿ Desoneração ¿ L.C. Nº 87/96;1612,56;8139
2014;Prefeitura Municipal de Tuparetama - PE;2615904;PE;DCA-Anexo I-C;NA;Receitas Brutas Realizadas;RO1.7.2.1.99.00.00;1.7.2.1.99.00.00 - Outras Transferências da União;136885,00;8139
2014;Prefeitura Municipal de Tuparetama - PE;2615904;PE;DCA-Anexo I-C;NA;Receitas Brutas Realizadas;RO1.7.2.2.00.00.00;1.7.2.2.00.00.00 - Transferências dos Estados;3825309,56;8139
2014;Prefeitura Municipal de Tuparetama - PE;2615904;PE;DCA-Anexo I-C;NA;Deduções - FUNDEB;RO1.7.2.2.00.00.00;1.7.2.2.00.00.00 - Transferências dos Estados;740086,89;8139
2014;Prefeitura Municipal de Tuparetama - PE;2615904;PE;DCA-Anexo I-C;NA;Receitas Brutas Realizadas;RO1.7.2.2.01.00.00;1.7.2.2.01.00.00 - Participação na Receita dos Estados;3825309,56;8139
2014;Prefeitura Municipal de Tuparetama - PE;2615904;PE;DCA-Anexo I-C;NA;Deduções - FUNDEB;RO1.7.2.2.01.00.00;1.7.2.2.01.00.00 - Participação na Receita dos Estados;740086,89;8139
2014;Prefeitura Municipal de Tuparetama - PE;2615904;PE;DCA-Anexo I-C;NA;Receitas Brutas Realizadas;RO1.7.2.2.01.01.00;1.7.2.2.01.01.00 - Cota-Parte do ICMS;3446870,71;8139
2014;Prefeitura Municipal de Tuparetama - PE;2615904;PE;DCA-Anexo I-C;NA;Deduções - FUNDEB;RO1.7.2.2.01.01.00;1.7.2.2.01.01.00 - Cota-Parte do ICMS;689367,84;8139
2014;Prefeitura Municipal de Tuparetama - PE;2615904;PE;DCA-Anexo I-C;NA;Receitas Brutas Realizadas;RO1.7.2.2.01.02.00;1.7.2.2.01.02.00 - Cota-Parte do IPVA;247887,03;8139
2014;Prefeitura Municipal de Tuparetama - PE;2615904;PE;DCA-Anexo I-C;NA;Deduções - FUNDEB;RO1.7.2.2.01.02.00;1.7.2.2.01.02.00 - Cota-Parte do IPVA;49577,92;8139
2014;Prefeitura Municipal de Tuparetama - PE;2615904;PE;DCA-Anexo I-C;NA;Receitas Brutas Realizadas;RO1.7.2.2.01.04.00;1.7.2.2.01.04.00 - Cota-Parte do IPI sobre Exportação;5705,35;8139
2014;Prefeitura Municipal de Tuparetama - PE;2615904;PE;DCA-Anexo I-C;NA;Deduções - FUNDEB;RO1.7.2.2.01.04.00;1.7.2.2.01.04.00 - Cota-Parte do IPI sobre Exportação;1141,13;8139
2014;Prefeitura Municipal de Tuparetama - PE;2615904;PE;DCA-Anexo I-C;NA;Receitas Brutas Realizadas;RO1.7.2.2.01.13.00;1.7.2.2.01.13.00 - Cota-Parte da Contribuição de Intervenção no Domínio Econômico;1478,50;8139
2014;Prefeitura Municipal de Tuparetama - PE;2615904;PE;DCA-Anexo I-C;NA;Receitas Brutas Realizadas;RO1.7.2.2.01.99.00;1.7.2.2.01.99.00 - Outras Participações na Receita dos Estados;123367,97;8139
2014;Prefeitura Municipal de Tuparetama - PE;2615904;PE;DCA-Anexo I-C;NA;Receitas Brutas Realizadas;RO1.7.2.4.00.00.00;1.7.2.4.00.00.00 - Transferências Multigovernamentais;4043656,33;8139
2014;Prefeitura Municipal de Tuparetama - PE;2615904;PE;DCA-Anexo I-C;NA;Receitas Brutas Realizadas;RO1.7.2.4.01.00.00;1.7.2.4.01.00.00 - Transferências de Recursos do Fundo de Manutenção e Desenvolvimento do Ensino Fundamental e de Valorização do Magistério - FUNDEB;3687875,08;8139
2014;Prefeitura Municipal de Tuparetama - PE;2615904;PE;DCA-Anexo I-C;NA;Receitas Brutas Realizadas;RO1.7.2.4.02.00.00;1.7.2.4.02.00.00 - Transferências de Recursos da Complementação ao Fundo de Manutenção e Desenvolvimento do Ensino Fundamental e de Valorização do Magistério - FUNDEB;355781,25;8139
2014;Prefeitura Municipal de Tuparetama - PE;2615904;PE;DCA-Anexo I-C;NA;Receitas Brutas Realizadas;RO1.7.6.0.00.00.00;1.7.6.0.00.00.00 - Transferências de Convênios;200344,50;8139
2014;Prefeitura Municipal de Tuparetama - PE;2615904;PE;DCA-Anexo I-C;NA;Receitas Brutas Realizadas;RO1.7.6.2.00.00.00;1.7.6.2.00.00.00 - Transferências de Convênios dos Estados e do Distrito Federal e de Suas Entidades;200344,50;8139
2014;Prefeitura Municipal de Tuparetama - PE;2615904;PE;DCA-Anexo I-C;NA;Receitas Brutas Realizadas;RO1.7.6.2.01.00.00;1.7.6.2.01.00.00 - Transferências de Convênios dos Estados para o Sistema Único de Saúde - SUS;50352,00;8139
2014;Prefeitura Municipal de Tuparetama - PE;2615904;PE;DCA-Anexo I-C;NA;Receitas Brutas Realizadas;RO1.7.6.2.99.00.00;1.7.6.2.99.00.00 - Outras Transferências de Convênios dos Estados;149992,50;8139
2014;Prefeitura Municipal de Tuparetama - PE;2615904;PE;DCA-Anexo I-C;NA;Receitas Brutas Realizadas;RO1.9.0.0.00.00.00;1.9.0.0.00.00.00 - Outras Receitas Correntes;159572,17;8139
2014;Prefeitura Municipal de Tuparetama - PE;2615904;PE;DCA-Anexo I-C;NA;Receitas Brutas Realizadas;RO1.9.1.0.00.00.00;1.9.1.0.00.00.00 - Multas e Juros de Mora;9165,15;8139
2014;Prefeitura Municipal de Tuparetama - PE;2615904;PE;DCA-Anexo I-C;NA;Receitas Brutas Realizadas;RO1.9.1.1.00.00.00;1.9.1.1.00.00.00 - Multas e Juros de Mora dos Tributos;864,86;8139
2014;Prefeitura Municipal de Tuparetama - PE;2615904;PE;DCA-Anexo I-C;NA;Receitas Brutas Realizadas;RO1.9.1.2.00.00.00;1.9.1.2.00.00.00 - Multas e Juros de Mora das Contribuições;1272,73;8139
2014;Prefeitura Municipal de Tuparetama - PE;2615904;PE;DCA-Anexo I-C;NA;Receitas Brutas Realizadas;RO1.9.1.3.00.00.00;1.9.1.3.00.00.00 - Multas e Juros de Mora da Dívida Ativa dos Tributos;4742,28;8139
2014;Prefeitura Municipal de Tuparetama - PE;2615904;PE;DCA-Anexo I-C;NA;Receitas Brutas Realizadas;RO1.9.1.5.00.00.00;1.9.1.5.00.00.00 - Multas e Juros de Mora da Dívida Ativa de Outras Receitas;2285,28;8139
2014;Prefeitura Municipal de Tuparetama - PE;2615904;PE;DCA-Anexo I-C;NA;Receitas Brutas Realizadas;RO1.9.2.0.00.00.00;1.9.2.0.00.00.00 - Indenizações e Restituições;26054,87;8139
2014;Prefeitura Municipal de Tuparetama - PE;2615904;PE;DCA-Anexo I-C;NA;Receitas Brutas Realizadas;RO1.9.2.2.00.00.00;1.9.2.2.00.00.00 - Restituições;26054,87;8139
2014;Prefeitura Municipal de Tuparetama - PE;2615904;PE;DCA-Anexo I-C;NA;Receitas Brutas Realizadas;RO1.9.2.2.99.00.00;1.9.2.2.99.00.00 - Outras Restituições;26054,87;8139
2014;Prefeitura Municipal de Tuparetama - PE;2615904;PE;DCA-Anexo I-C;NA;Receitas Brutas Realizadas;RO1.9.3.0.00.00.00;1.9.3.0.00.00.00 - Receita da Dívida Ativa;15822,22;8139
2014;Prefeitura Municipal de Tuparetama - PE;2615904;PE;DCA-Anexo I-C;NA;Receitas Brutas Realizadas;RO1.9.3.1.00.00.00;1.9.3.1.00.00.00 - Receita da Dívida Ativa Tributária;15822,22;8139
2014;Prefeitura Municipal de Tuparetama - PE;2615904;PE;DCA-Anexo I-C;NA;Receitas Brutas Realizadas;RO1.9.9.0.00.00.00;1.9.9.0.00.00.00 - Receitas Diversas;108529,93;8139
2014;Prefeitura Municipal de Tuparetama - PE;2615904;PE;DCA-Anexo I-C;NA;Receitas Brutas Realizadas;RO2.0.0.0.00.00.00;2.0.0.0.00.00.00 - Receitas de Capital;726653,65;8139
2014;Prefeitura Municipal de Tuparetama - PE;2615904;PE;DCA-Anexo I-C;NA;Receitas Brutas Realizadas;RO2.4.0.0.00.00.00;2.4.0.0.00.00.00 - Transferências de Capital;726653,65;8139
2014;Prefeitura Municipal de Tuparetama - PE;2615904;PE;DCA-Anexo I-C;NA;Receitas Brutas Realizadas;RO2.4.7.0.00.00.00;2.4.7.0.00.00.00 - Transferências de Convênios;726653,65;8139
2014;Prefeitura Municipal de Tuparetama - PE;2615904;PE;DCA-Anexo I-C;NA;Receitas Brutas Realizadas;RO2.4.7.1.00.00.00;2.4.7.1.00.00.00 - Transferências de Convênios da União e de suas Entidades;260995,85;8139
2014;Prefeitura Municipal de Tuparetama - PE;2615904;PE;DCA-Anexo I-C;NA;Receitas Brutas Realizadas;RO2.4.7.1.01.00.00;2.4.7.1.01.00.00 - Transferências de Convênios da União para o Sistema Único de Saúde - SUS;6000,00;8139
2014;Prefeitura Municipal de Tuparetama - PE;2615904;PE;DCA-Anexo I-C;NA;Receitas Brutas Realizadas;RO2.4.7.1.02.00.00;2.4.7.1.02.00.00 - Transferências de Convênios da União Destinadas a Programas de Educação;254995,85;8139
2014;Prefeitura Municipal de Tuparetama - PE;2615904;PE;DCA-Anexo I-C;NA;Receitas Brutas Realizadas;RO2.4.7.2.00.00.00;2.4.7.2.00.00.00 - Transferências de Convênios dos Estados e do Distrito Federal e de suas Entidades;465657,80;8139
2014;Prefeitura Municipal de Tuparetama - PE;2615904;PE;DCA-Anexo I-C;NA;Receitas Brutas Realizadas;RO2.4.7.2.99.00.00;2.4.7.2.99.00.00 - Outras Transferências de Convênios dos Estados;465657,80;8139
2014;Prefeitura Municipal de Tuparetama - PE;2615904;PE;DCA-Anexo I-C;NA;Receitas Brutas Realizadas;RI7.0.0.0.00.00.00;7.0.0.0.00.00.00 - Receitas Correntes Intraorçamentárias;832806,39;8139
2014;Prefeitura Municipal de Tuparetama - PE;2615904;PE;DCA-Anexo I-C;NA;Receitas Brutas Realizadas;RI7.2.0.0.00.00.00;7.2.0.0.00.00.00 - Receitas de Contribuições Intraorçamentárias;832806,39;8139
2014;Prefeitura Municipal de Tuparetama - PE;2615904;PE;DCA-Anexo I-C;NA;Receitas Brutas Realizadas;RI7.2.1.0.00.00.00;7.2.1.0.00.00.00 - Contribuições Sociais Intraorçamentárias;832806,39;8139
2014;Prefeitura Municipal de Tuparetama - PE;2615904;PE;DCA-Anexo I-C;NA;Receitas Brutas Realizadas;RI7.2.1.0.29.00.00;7.2.1.0.29.00.00 - Contribuições para o Regime Próprio de Previdência do Servidor Público Intraorçamentárias;832806,39;8139
2014;Prefeitura Municipal de Tuparetama - PE;2615904;PE;DCA-Anexo I-C;NA;Receitas Brutas Realizadas;RI7.2.1.0.29.01.00;7.2.1.0.29.01.00 - Contribuição Patronal de Servidor Ativo Civil para o Regime Próprio Intraorçamentária;599984,99;8139
2014;Prefeitura Municipal de Tuparetama - PE;2615904;PE;DCA-Anexo I-C;NA;Receitas Brutas Realizadas;RI7.2.1.0.29.16.00;7.2.1.0.29.16.00 - Receita de Recolhimento da Contribuição Patronal, oriunda do Pagamento de Sentenças Judiciais Intraorçamentária;232821,40;8139
2015;Prefeitura Municipal de Tuparetama - PE;2615904;PE;DCA-Anexo I-C;NA;Receitas Brutas Realizadas;TotalReceitas;Total Receitas;20941091,91;8139
2015;Prefeitura Municipal de Tuparetama - PE;2615904;PE;DCA-Anexo I-C;NA;Deduções - FUNDEB;TotalReceitas;Total Receitas;2182977,00;8139
2015;Prefeitura Municipal de Tuparetama - PE;2615904;PE;DCA-Anexo I-C;NA;Receitas Brutas Realizadas;RO1.0.0.0.00.00.00;1.0.0.0.00.00.00 - Receitas Correntes;19905385,85;8139
2015;Prefeitura Municipal de Tuparetama - PE;2615904;PE;DCA-Anexo I-C;NA;Deduções - FUNDEB;RO1.0.0.0.00.00.00;1.0.0.0.00.00.00 - Receitas Correntes;2182977,00;8139
2015;Prefeitura Municipal de Tuparetama - PE;2615904;PE;DCA-Anexo I-C;NA;Receitas Brutas Realizadas;RO1.1.0.0.00.00.00;1.1.0.0.00.00.00 - Receita Tributária;501956,50;8139
2015;Prefeitura Municipal de Tuparetama - PE;2615904;PE;DCA-Anexo I-C;NA;Receitas Brutas Realizadas;RO1.1.1.0.00.00.00;1.1.1.0.00.00.00 - Impostos;429588,39;8139
2015;Prefeitura Municipal de Tuparetama - PE;2615904;PE;DCA-Anexo I-C;NA;Receitas Brutas Realizadas;RO1.1.1.2.00.00.00;1.1.1.2.00.00.00 - Impostos sobre o Patrimônio e a Renda;243030,38;8139
2015;Prefeitura Municipal de Tuparetama - PE;2615904;PE;DCA-Anexo I-C;NA;Receitas Brutas Realizadas;RO1.1.1.2.02.00.00;1.1.1.2.02.00.00 - Imposto sobre a Propriedade Predial e Territorial Urbana ¿ IPTU;91899,86;8139
2015;Prefeitura Municipal de Tuparetama - PE;2615904;PE;DCA-Anexo I-C;NA;Receitas Brutas Realizadas;RO1.1.1.2.04.00.00;1.1.1.2.04.00.00 - Imposto sobre a Renda e Proventos de Qualquer Natureza ¿ IR;119980,28;8139
2015;Prefeitura Municipal de Tuparetama - PE;2615904;PE;DCA-Anexo I-C;NA;Receitas Brutas Realizadas;RO1.1.1.2.04.31.00;1.1.1.2.04.31.00 - Retido nas Fontes - Trabalho;114953,78;8139
2015;Prefeitura Municipal de Tuparetama - PE;2615904;PE;DCA-Anexo I-C;NA;Receitas Brutas Realizadas;RO1.1.1.2.04.34.00;1.1.1.2.04.34.00 - Retido nas Fontes - Outros Rendimentos;5026,50;8139
2015;Prefeitura Municipal de Tuparetama - PE;2615904;PE;DCA-Anexo I-C;NA;Receitas Brutas Realizadas;RO1.1.1.2.08.00.00;"1.1.1.2.08.00.00 - Imposto sobre Transmissão ""Inter Vivos"" de Bens Imóveis e de Direitos Reais sobre Imóveis ¿ ITBI";31150,24;8139
2015;Prefeitura Municipal de Tuparetama - PE;2615904;PE;DCA-Anexo I-C;NA;Receitas Brutas Realizadas;RO1.1.1.3.00.00.00;1.1.1.3.00.00.00 - Impostos sobre a Produção e a Circulação;186558,01;8139
2015;Prefeitura Municipal de Tuparetama - PE;2615904;PE;DCA-Anexo I-C;NA;Receitas Brutas Realizadas;RO1.1.1.3.05.00.00;1.1.1.3.05.00.00 - Imposto sobre Serviços de Qualquer Natureza ¿ ISSQN;186558,01;8139
2015;Prefeitura Municipal de Tuparetama - PE;2615904;PE;DCA-Anexo I-C;NA;Receitas Brutas Realizadas;RO1.1.2.0.00.00.00;1.1.2.0.00.00.00 - Taxas;72368,11;8139
2015;Prefeitura Municipal de Tuparetama - PE;2615904;PE;DCA-Anexo I-C;NA;Receitas Brutas Realizadas;RO1.1.2.1.00.00.00;1.1.2.1.00.00.00 - Taxas pelo Exercício do Poder de Polícia;24239,52;8139
2015;Prefeitura Municipal de Tuparetama - PE;2615904;PE;DCA-Anexo I-C;NA;Receitas Brutas Realizadas;RO1.1.2.2.00.00.00;1.1.2.2.00.00.00 - Taxas pela Prestação de Serviços;48128,59;8139
2015;Prefeitura Municipal de Tuparetama - PE;2615904;PE;DCA-Anexo I-C;NA;Receitas Brutas Realizadas;RO1.2.0.0.00.00.00;1.2.0.0.00.00.00 - Receitas de Contribuições;624854,10;8139
2015;Prefeitura Municipal de Tuparetama - PE;2615904;PE;DCA-Anexo I-C;NA;Receitas Brutas Realizadas;RO1.2.1.0.00.00.00;1.2.1.0.00.00.00 - Contribuições Sociais;575469,97;8139
2015;Prefeitura Municipal de Tuparetama - PE;2615904;PE;DCA-Anexo I-C;NA;Receitas Brutas Realizadas;RO1.2.1.0.29.00.00;1.2.1.0.29.00.00 - Contribuições para o Regime Próprio de Previdência do Servidor Público;575469,97;8139
2015;Prefeitura Municipal de Tuparetama - PE;2615904;PE;DCA-Anexo I-C;NA;Receitas Brutas Realizadas;RO1.2.1.0.29.07.00;1.2.1.0.29.07.00 - Contribuição do Servidor Ativo Civil para o Regime Próprio;573940,45;8139
2015;Prefeitura Municipal de Tuparetama - PE;2615904;PE;DCA-Anexo I-C;NA;Receitas Brutas Realizadas;RO1.2.1.0.29.09.00;1.2.1.0.29.09.00 - Contribuições do Servidor Inativo Civil para o Regime Próprio;1529,52;8139
2015;Prefeitura Municipal de Tuparetama - PE;2615904;PE;DCA-Anexo I-C;NA;Receitas Brutas Realizadas;RO1.2.3.0.00.00.00;1.2.3.0.00.00.00 - Contribuição para Custeio do Serviço de Iluminação Pública;49384,13;8139
2015;Prefeitura Municipal de Tuparetama - PE;2615904;PE;DCA-Anexo I-C;NA;Receitas Brutas Realizadas;RO1.3.0.0.00.00.00;1.3.0.0.00.00.00 - Receita Patrimonial;205516,85;8139
2015;Prefeitura Municipal de Tuparetama - PE;2615904;PE;DCA-Anexo I-C;NA;Receitas Brutas Realizadas;RO1.3.2.0.00.00.00;1.3.2.0.00.00.00 - Receitas de Valores Mobiliários;205516,85;8139
2015;Prefeitura Municipal de Tuparetama - PE;2615904;PE;DCA-Anexo I-C;NA;Receitas Brutas Realizadas;RO1.3.2.5.00.00.00;1.3.2.5.00.00.00 - Remuneração de Depósitos Bancários;205516,85;8139
2015;Prefeitura Municipal de Tuparetama - PE;2615904;PE;DCA-Anexo I-C;NA;Receitas Brutas Realizadas;RO1.7.0.0.00.00.00;1.7.0.0.00.00.00 - Transferências Correntes;18459272,96;8139
2015;Prefeitura Municipal de Tuparetama - PE;2615904;PE;DCA-Anexo I-C;NA;Deduções - FUNDEB;RO1.7.0.0.00.00.00;1.7.0.0.00.00.00 - Transferências Correntes;2182977,00;8139
2015;Prefeitura Municipal de Tuparetama - PE;2615904;PE;DCA-Anexo I-C;NA;Receitas Brutas Realizadas;RO1.7.2.0.00.00.00;1.7.2.0.00.00.00 - Transferências Intergovernamentais;18459272,96;8139
2015;Prefeitura Municipal de Tuparetama - PE;2615904;PE;DCA-Anexo I-C;NA;Deduções - FUNDEB;RO1.7.2.0.00.00.00;1.7.2.0.00.00.00 - Transferências Intergovernamentais;2182977,00;8139
2015;Prefeitura Municipal de Tuparetama - PE;2615904;PE;DCA-Anexo I-C;NA;Receitas Brutas Realizadas;RO1.7.2.1.00.00.00;1.7.2.1.00.00.00 - Transferências da União;10365383,05;8139
2015;Prefeitura Municipal de Tuparetama - PE;2615904;PE;DCA-Anexo I-C;NA;Deduções - FUNDEB;RO1.7.2.1.00.00.00;1.7.2.1.00.00.00 - Transferências da União;1457477,21;8139
2015;Prefeitura Municipal de Tuparetama - PE;2615904;PE;DCA-Anexo I-C;NA;Receitas Brutas Realizadas;RO1.7.2.1.01.00.00;1.7.2.1.01.00.00 - Participação na Receita da União;7685072,17;8139
2015;Prefeitura Municipal de Tuparetama - PE;2615904;PE;DCA-Anexo I-C;NA;Deduções - FUNDEB;RO1.7.2.1.01.00.00;1.7.2.1.01.00.00 - Participação na Receita da União;1455953,08;8139
2015;Prefeitura Municipal de Tuparetama - PE;2615904;PE;DCA-Anexo I-C;NA;Receitas Brutas Realizadas;RO1.7.2.1.01.02.00;1.7.2.1.01.02.00 - Cota-Parte do Fundo de Participação dos Municípios ¿ FPM;7683854,58;8139
2015;Prefeitura Municipal de Tuparetama - PE;2615904;PE;DCA-Anexo I-C;NA;Deduções - FUNDEB;RO1.7.2.1.01.02.00;1.7.2.1.01.02.00 - Cota-Parte do Fundo de Participação dos Municípios ¿ FPM;1455709,61;8139
2015;Prefeitura Municipal de Tuparetama - PE;2615904;PE;DCA-Anexo I-C;NA;Receitas Brutas Realizadas;RO1.7.2.1.01.05.00;1.7.2.1.01.05.00 - Cota-Parte do Imposto Sobre a Propriedade Territorial Rural ¿ ITR;1217,59;8139
2015;Prefeitura Municipal de Tuparetama - PE;2615904;PE;DCA-Anexo I-C;NA;Deduções - FUNDEB;RO1.7.2.1.01.05.00;1.7.2.1.01.05.00 - Cota-Parte do Imposto Sobre a Propriedade Territorial Rural ¿ ITR;243,47;8139
2015;Prefeitura Municipal de Tuparetama - PE;2615904;PE;DCA-Anexo I-C;NA;Receitas Brutas Realizadas;RO1.7.2.1.22.00.00;1.7.2.1.22.00.00 - Transferências da Compensação Financeira pela Exploração de Recursos Naturais;83154,67;8139
2015;Prefeitura Municipal de Tuparetama - PE;2615904;PE;DCA-Anexo I-C;NA;Receitas Brutas Realizadas;RO1.7.2.1.22.70.00;1.7.2.1.22.70.00 - Cota-Parte do Fundo Especial do Petróleo ¿ FEP;81611,71;8139
2015;Prefeitura Municipal de Tuparetama - PE;2615904;PE;DCA-Anexo I-C;NA;Receitas Brutas Realizadas;RO1.7.2.1.22.90.00;1.7.2.1.22.90.00 - Outras Transferências Decorrentes de Compensação Financeira pela Exploração de Recursos Naturais;1542,96;8139
2015;Prefeitura Municipal de Tuparetama - PE;2615904;PE;DCA-Anexo I-C;NA;Receitas Brutas Realizadas;RO1.7.2.1.33.00.00;1.7.2.1.33.00.00 - Transferências de Recursos do Sistema Único de Saúde - SUS - Repasses Fundo a Fundo;1731881,59;8139
2015;Prefeitura Municipal de Tuparetama - PE;2615904;PE;DCA-Anexo I-C;NA;Receitas Brutas Realizadas;RO1.7.2.1.34.00.00;1.7.2.1.34.00.00 - Transferências de Recursos do Fundo Nacional de Assistência Social ¿ FNAS;225192,63;8139
2015;Prefeitura Municipal de Tuparetama - PE;2615904;PE;DCA-Anexo I-C;NA;Receitas Brutas Realizadas;RO1.7.2.1.35.00.00;1.7.2.1.35.00.00 - Transferências de Recursos do Fundo Nacional do Desenvolvimento da Educação ¿ FNDE;632461,15;8139
2015;Prefeitura Municipal de Tuparetama - PE;2615904;PE;DCA-Anexo I-C;NA;Receitas Brutas Realizadas;RO1.7.2.1.36.00.00;1.7.2.1.36.00.00 - Transferências Financeiras do ICMS ¿ Desoneração ¿ L.C. Nº 87/96;7620,84;8139
2015;Prefeitura Municipal de Tuparetama - PE;2615904;PE;DCA-Anexo I-C;NA;Deduções - FUNDEB;RO1.7.2.1.36.00.00;1.7.2.1.36.00.00 - Transferências Financeiras do ICMS ¿ Desoneração ¿ L.C. Nº 87/96;1524,13;8139
2015;Prefeitura Municipal de Tuparetama - PE;2615904;PE;DCA-Anexo I-C;NA;Receitas Brutas Realizadas;RO1.7.2.2.00.00.00;1.7.2.2.00.00.00 - Transferências dos Estados;3675371,67;8139
2015;Prefeitura Municipal de Tuparetama - PE;2615904;PE;DCA-Anexo I-C;NA;Deduções - FUNDEB;RO1.7.2.2.00.00.00;1.7.2.2.00.00.00 - Transferências dos Estados;725499,79;8139
2015;Prefeitura Municipal de Tuparetama - PE;2615904;PE;DCA-Anexo I-C;NA;Receitas Brutas Realizadas;RO1.7.2.2.01.00.00;1.7.2.2.01.00.00 - Participação na Receita dos Estados;3651326,87;8139
2015;Prefeitura Municipal de Tuparetama - PE;2615904;PE;DCA-Anexo I-C;NA;Deduções - FUNDEB;RO1.7.2.2.01.00.00;1.7.2.2.01.00.00 - Participação na Receita dos Estados;725499,79;8139
2015;Prefeitura Municipal de Tuparetama - PE;2615904;PE;DCA-Anexo I-C;NA;Receitas Brutas Realizadas;RO1.7.2.2.01.01.00;1.7.2.2.01.01.00 - Cota-Parte do ICMS;3339342,25;8139
2015;Prefeitura Municipal de Tuparetama - PE;2615904;PE;DCA-Anexo I-C;NA;Deduções - FUNDEB;RO1.7.2.2.01.01.00;1.7.2.2.01.01.00 - Cota-Parte do ICMS;667868,54;8139
2015;Prefeitura Municipal de Tuparetama - PE;2615904;PE;DCA-Anexo I-C;NA;Receitas Brutas Realizadas;RO1.7.2.2.01.02.00;1.7.2.2.01.02.00 - Cota-Parte do IPVA;270114,77;8139
2015;Prefeitura Municipal de Tuparetama - PE;2615904;PE;DCA-Anexo I-C;NA;Deduções - FUNDEB;RO1.7.2.2.01.02.00;1.7.2.2.01.02.00 - Cota-Parte do IPVA;53954,00;8139
2015;Prefeitura Municipal de Tuparetama - PE;2615904;PE;DCA-Anexo I-C;NA;Receitas Brutas Realizadas;RO1.7.2.2.01.04.00;1.7.2.2.01.04.00 - Cota-Parte do IPI sobre Exportação;18386,01;8139
2015;Prefeitura Municipal de Tuparetama - PE;2615904;PE;DCA-Anexo I-C;NA;Deduções - FUNDEB;RO1.7.2.2.01.04.00;1.7.2.2.01.04.00 - Cota-Parte do IPI sobre Exportação;3677,25;8139
2015;Prefeitura Municipal de Tuparetama - PE;2615904;PE;DCA-Anexo I-C;NA;Receitas Brutas Realizadas;RO1.7.2.2.01.13.00;1.7.2.2.01.13.00 - Cota-Parte da Contribuição de Intervenção no Domínio Econômico;5700,89;8139
2015;Prefeitura Municipal de Tuparetama - PE;2615904;PE;DCA-Anexo I-C;NA;Receitas Brutas Realizadas;RO1.7.2.2.01.99.00;1.7.2.2.01.99.00 - Outras Participações na Receita dos Estados;17782,95;8139
2015;Prefeitura Municipal de Tuparetama - PE;2615904;PE;DCA-Anexo I-C;NA;Receitas Brutas Realizadas;RO1.7.2.2.33.00.00;1.7.2.2.33.00.00 - Transferências de Recursos do Estado para Programas de Saúde - Repasse Fundo a Fundo;24044,80;8139
2015;Prefeitura Municipal de Tuparetama - PE;2615904;PE;DCA-Anexo I-C;NA;Receitas Brutas Realizadas;RO1.7.2.4.00.00.00;1.7.2.4.00.00.00 - Transferências Multigovernamentais;4418518,24;8139
2015;Prefeitura Municipal de Tuparetama - PE;2615904;PE;DCA-Anexo I-C;NA;Receitas Brutas Realizadas;RO1.7.2.4.01.00.00;1.7.2.4.01.00.00 - Transferências de Recursos do Fundo de Manutenção e Desenvolvimento do Ensino Fundamental e de Valorização do Magistério - FUNDEB;3927050,43;8139
2015;Prefeitura Municipal de Tuparetama - PE;2615904;PE;DCA-Anexo I-C;NA;Receitas Brutas Realizadas;RO1.7.2.4.02.00.00;1.7.2.4.02.00.00 - Transferências de Recursos da Complementação ao Fundo de Manutenção e Desenvolvimento do Ensino Fundamental e de Valorização do Magistério - FUNDEB;491467,81;8139
2015;Prefeitura Municipal de Tuparetama - PE;2615904;PE;DCA-Anexo I-C;NA;Receitas Brutas Realizadas;RO1.9.0.0.00.00.00;1.9.0.0.00.00.00 - Outras Receitas Correntes;113785,44;8139
2015;Prefeitura Municipal de Tuparetama - PE;2615904;PE;DCA-Anexo I-C;NA;Receitas Brutas Realizadas;RO1.9.1.0.00.00.00;1.9.1.0.00.00.00 - Multas e Juros de Mora;13368,30;8139
2015;Prefeitura Municipal de Tuparetama - PE;2615904;PE;DCA-Anexo I-C;NA;Receitas Brutas Realizadas;RO1.9.1.1.00.00.00;1.9.1.1.00.00.00 - Multas e Juros de Mora dos Tributos;291,26;8139
2015;Prefeitura Municipal de Tuparetama - PE;2615904;PE;DCA-Anexo I-C;NA;Receitas Brutas Realizadas;RO1.9.1.1.99.00.00;1.9.1.1.99.00.00 - Multas e Juros de Mora de Outros Tributos;291,26;8139
2015;Prefeitura Municipal de Tuparetama - PE;2615904;PE;DCA-Anexo I-C;NA;Receitas Brutas Realizadas;RO1.9.1.2.00.00.00;1.9.1.2.00.00.00 - Multas e Juros de Mora das Contribuições;8265,24;8139
2015;Prefeitura Municipal de Tuparetama - PE;2615904;PE;DCA-Anexo I-C;NA;Receitas Brutas Realizadas;RO1.9.1.3.00.00.00;1.9.1.3.00.00.00 - Multas e Juros de Mora da Dívida Ativa dos Tributos;4811,80;8139
2015;Prefeitura Municipal de Tuparetama - PE;2615904;PE;DCA-Anexo I-C;NA;Receitas Brutas Realizadas;RO1.9.1.3.11.00.00;1.9.1.3.11.00.00 - Multas e Juros de Mora da Dívida Ativa do Imposto sobre a Propriedade Predial e Territorial Urbana ¿ IPTU;3605,88;8139
2015;Prefeitura Municipal de Tuparetama - PE;2615904;PE;DCA-Anexo I-C;NA;Receitas Brutas Realizadas;RO1.9.1.3.99.00.00;1.9.1.3.99.00.00 - Multas e Juros de Mora da Dívida Ativa de Outros Tributos;1205,92;8139
2015;Prefeitura Municipal de Tuparetama - PE;2615904;PE;DCA-Anexo I-C;NA;Receitas Brutas Realizadas;RO1.9.2.0.00.00.00;1.9.2.0.00.00.00 - Indenizações e Restituições;19418,87;8139
2015;Prefeitura Municipal de Tuparetama - PE;2615904;PE;DCA-Anexo I-C;NA;Receitas Brutas Realizadas;RO1.9.2.1.00.00.00;1.9.2.1.00.00.00 - Indenizações;12557,39;8139
2015;Prefeitura Municipal de Tuparetama - PE;2615904;PE;DCA-Anexo I-C;NA;Receitas Brutas Realizadas;RO1.9.2.2.00.00.00;1.9.2.2.00.00.00 - Restituições;6861,48;8139
2015;Prefeitura Municipal de Tuparetama - PE;2615904;PE;DCA-Anexo I-C;NA;Receitas Brutas Realizadas;RO1.9.2.2.99.00.00;1.9.2.2.99.00.00 - Outras Restituições;6861,48;8139
2015;Prefeitura Municipal de Tuparetama - PE;2615904;PE;DCA-Anexo I-C;NA;Receitas Brutas Realizadas;RO1.9.3.0.00.00.00;1.9.3.0.00.00.00 - Receita da Dívida Ativa;28100,13;8139
2015;Prefeitura Municipal de Tuparetama - PE;2615904;PE;DCA-Anexo I-C;NA;Receitas Brutas Realizadas;RO1.9.3.1.00.00.00;1.9.3.1.00.00.00 - Receita da Dívida Ativa Tributária;28100,13;8139
2015;Prefeitura Municipal de Tuparetama - PE;2615904;PE;DCA-Anexo I-C;NA;Receitas Brutas Realizadas;RO1.9.3.1.11.00.00;1.9.3.1.11.00.00 - Receita da Dívida Ativa do Imposto sobre a Propriedade Predial e Territorial Urbana ¿ IPTU;25451,63;8139
2015;Prefeitura Municipal de Tuparetama - PE;2615904;PE;DCA-Anexo I-C;NA;Receitas Brutas Realizadas;RO1.9.3.1.13.00.00;1.9.3.1.13.00.00 - Receita da Dívida Ativa do Imposto sobre Serviços de Qualquer Natureza ¿ ISS;674,28;8139
2015;Prefeitura Municipal de Tuparetama - PE;2615904;PE;DCA-Anexo I-C;NA;Receitas Brutas Realizadas;RO1.9.3.1.99.00.00;1.9.3.1.99.00.00 - Receita da Dívida Ativa de Outros Tributos;1974,22;8139
2015;Prefeitura Municipal de Tuparetama - PE;2615904;PE;DCA-Anexo I-C;NA;Receitas Brutas Realizadas;RO1.9.9.0.00.00.00;1.9.9.0.00.00.00 - Receitas Diversas;52898,14;8139
2015;Prefeitura Municipal de Tuparetama - PE;2615904;PE;DCA-Anexo I-C;NA;Receitas Brutas Realizadas;RO2.0.0.0.00.00.00;2.0.0.0.00.00.00 - Receitas de Capital;268861,37;8139
2015;Prefeitura Municipal de Tuparetama - PE;2615904;PE;DCA-Anexo I-C;NA;Receitas Brutas Realizadas;RO2.2.0.0.00.00.00;2.2.0.0.00.00.00 - Alienação de Bens;43500,00;8139
2015;Prefeitura Municipal de Tuparetama - PE;2615904;PE;DCA-Anexo I-C;NA;Receitas Brutas Realizadas;RO2.2.1.0.00.00.00;2.2.1.0.00.00.00 - Alienação de Bens Móveis;43500,00;8139
2015;Prefeitura Municipal de Tuparetama - PE;2615904;PE;DCA-Anexo I-C;NA;Receitas Brutas Realizadas;RO2.4.0.0.00.00.00;2.4.0.0.00.00.00 - Transferências de Capital;225361,37;8139
2015;Prefeitura Municipal de Tuparetama - PE;2615904;PE;DCA-Anexo I-C;NA;Receitas Brutas Realizadas;RO2.4.7.0.00.00.00;2.4.7.0.00.00.00 - Transferências de Convênios;225361,37;8139
2015;Prefeitura Municipal de Tuparetama - PE;2615904;PE;DCA-Anexo I-C;NA;Receitas Brutas Realizadas;RO2.4.7.1.00.00.00;2.4.7.1.00.00.00 - Transferências de Convênios da União e de suas Entidades;90000,00;8139
2015;Prefeitura Municipal de Tuparetama - PE;2615904;PE;DCA-Anexo I-C;NA;Receitas Brutas Realizadas;RO2.4.7.1.01.00.00;2.4.7.1.01.00.00 - Transferências de Convênios da União para o Sistema Único de Saúde - SUS;90000,00;8139
2015;Prefeitura Municipal de Tuparetama - PE;2615904;PE;DCA-Anexo I-C;NA;Receitas Brutas Realizadas;RO2.4.7.2.00.00.00;2.4.7.2.00.00.00 - Transferências de Convênios dos Estados e do Distrito Federal e de suas Entidades;135361,37;8139
2015;Prefeitura Municipal de Tuparetama - PE;2615904;PE;DCA-Anexo I-C;NA;Receitas Brutas Realizadas;RO2.4.7.2.99.00.00;2.4.7.2.99.00.00 - Outras Transferências de Convênios dos Estados;135361,37;8139
2015;Prefeitura Municipal de Tuparetama - PE;2615904;PE;DCA-Anexo I-C;NA;Receitas Brutas Realizadas;RI7.0.0.0.00.00.00;7.0.0.0.00.00.00 - Receitas Correntes Intraorçamentárias;766844,69;8139
2015;Prefeitura Municipal de Tuparetama - PE;2615904;PE;DCA-Anexo I-C;NA;Receitas Brutas Realizadas;RI7.2.0.0.00.00.00;7.2.0.0.00.00.00 - Receitas de Contribuições Intraorçamentárias;468663,19;8139
2015;Prefeitura Municipal de Tuparetama - PE;2615904;PE;DCA-Anexo I-C;NA;Receitas Brutas Realizadas;RI7.2.1.0.00.00.00;7.2.1.0.00.00.00 - Contribuições Sociais Intraorçamentárias;468663,19;8139
2015;Prefeitura Municipal de Tuparetama - PE;2615904;PE;DCA-Anexo I-C;NA;Receitas Brutas Realizadas;RI7.2.1.0.29.00.00;7.2.1.0.29.00.00 - Contribuições para o Regime Próprio de Previdência do Servidor Público Intraorçamentárias;468663,19;8139
2015;Prefeitura Municipal de Tuparetama - PE;2615904;PE;DCA-Anexo I-C;NA;Receitas Brutas Realizadas;RI7.2.1.0.29.01.00;7.2.1.0.29.01.00 - Contribuição Patronal de Servidor Ativo Civil para o Regime Próprio Intraorçamentária;468663,19;8139
2015;Prefeitura Municipal de Tuparetama - PE;2615904;PE;DCA-Anexo I-C;NA;Receitas Brutas Realizadas;RI7.9.0.0.00.00.00;7.9.0.0.00.00.00 - Outras Receitas Correntes Intraorçamentárias;298181,50;8139
2015;Prefeitura Municipal de Tuparetama - PE;2615904;PE;DCA-Anexo I-C;NA;Receitas Brutas Realizadas;RI7.9.9.9.00.00.00;7.9.9.9.00.00.00 - Demais Receitas Correntes Intraorçamentárias;298181,50;8139
2016;Prefeitura Municipal de Tuparetama - PE;2615904;PE;DCA-Anexo I-C;NA;Receitas Brutas Realizadas;TotalReceitas;Total Receitas;26730395,73;8149
2016;Prefeitura Municipal de Tuparetama - PE;2615904;PE;DCA-Anexo I-C;NA;Deduções - FUNDEB;TotalReceitas;Total Receitas;2434841,12;8149
2016;Prefeitura Municipal de Tuparetama - PE;2615904;PE;DCA-Anexo I-C;NA;Receitas Brutas Realizadas;RO1.0.0.0.00.00.00;1.0.0.0.00.00.00 - Receitas Correntes;24614713,95;8149
2016;Prefeitura Municipal de Tuparetama - PE;2615904;PE;DCA-Anexo I-C;NA;Deduções - FUNDEB;RO1.0.0.0.00.00.00;1.0.0.0.00.00.00 - Receitas Correntes;2434841,12;8149
2016;Prefeitura Municipal de Tuparetama - PE;2615904;PE;DCA-Anexo I-C;NA;Receitas Brutas Realizadas;RO1.1.0.0.00.00.00;1.1.0.0.00.00.00 - Receita Tributária;577562,68;8149
2016;Prefeitura Municipal de Tuparetama - PE;2615904;PE;DCA-Anexo I-C;NA;Receitas Brutas Realizadas;RO1.1.1.0.00.00.00;1.1.1.0.00.00.00 - Impostos;500676,47;8149
2016;Prefeitura Municipal de Tuparetama - PE;2615904;PE;DCA-Anexo I-C;NA;Receitas Brutas Realizadas;RO1.1.1.2.00.00.00;1.1.1.2.00.00.00 - Impostos sobre o Patrimônio e a Renda;302733,45;8149
2016;Prefeitura Municipal de Tuparetama - PE;2615904;PE;DCA-Anexo I-C;NA;Receitas Brutas Realizadas;RO1.1.1.2.02.00.00;1.1.1.2.02.00.00 - Imposto sobre a Propriedade Predial e Territorial Urbana ¿ IPTU;105984,20;8149
2016;Prefeitura Municipal de Tuparetama - PE;2615904;PE;DCA-Anexo I-C;NA;Receitas Brutas Realizadas;RO1.1.1.2.04.00.00;1.1.1.2.04.00.00 - Imposto sobre a Renda e Proventos de Qualquer Natureza ¿ IR;179616,31;8149
2016;Prefeitura Municipal de Tuparetama - PE;2615904;PE;DCA-Anexo I-C;NA;Receitas Brutas Realizadas;RO1.1.1.2.04.31.00;1.1.1.2.04.31.00 - Retido nas Fontes - Trabalho;126455,44;8149
2016;Prefeitura Municipal de Tuparetama - PE;2615904;PE;DCA-Anexo I-C;NA;Receitas Brutas Realizadas;RO1.1.1.2.04.34.00;1.1.1.2.04.34.00 - Retido nas Fontes - Outros Rendimentos;53160,87;8149
2016;Prefeitura Municipal de Tuparetama - PE;2615904;PE;DCA-Anexo I-C;NA;Receitas Brutas Realizadas;RO1.1.1.2.08.00.00;"1.1.1.2.08.00.00 - Imposto sobre Transmissão ""Inter Vivos"" de Bens Imóveis e de Direitos Reais sobre Imóveis ¿ ITBI";17132,94;8149
2016;Prefeitura Municipal de Tuparetama - PE;2615904;PE;DCA-Anexo I-C;NA;Receitas Brutas Realizadas;RO1.1.1.3.00.00.00;1.1.1.3.00.00.00 - Impostos sobre a Produção e a Circulação;197943,02;8149
2016;Prefeitura Municipal de Tuparetama - PE;2615904;PE;DCA-Anexo I-C;NA;Receitas Brutas Realizadas;RO1.1.1.3.05.00.00;1.1.1.3.05.00.00 - Imposto sobre Serviços de Qualquer Natureza ¿ ISSQN;197943,02;8149
2016;Prefeitura Municipal de Tuparetama - PE;2615904;PE;DCA-Anexo I-C;NA;Receitas Brutas Realizadas;RO1.1.2.0.00.00.00;1.1.2.0.00.00.00 - Taxas;76886,21;8149
2016;Prefeitura Municipal de Tuparetama - PE;2615904;PE;DCA-Anexo I-C;NA;Receitas Brutas Realizadas;RO1.1.2.1.00.00.00;1.1.2.1.00.00.00 - Taxas pelo Exercício do Poder de Polícia;22371,14;8149
2016;Prefeitura Municipal de Tuparetama - PE;2615904;PE;DCA-Anexo I-C;NA;Receitas Brutas Realizadas;RO1.1.2.2.00.00.00;1.1.2.2.00.00.00 - Taxas pela Prestação de Serviços;54515,07;8149
2016;Prefeitura Municipal de Tuparetama - PE;2615904;PE;DCA-Anexo I-C;NA;Receitas Brutas Realizadas;RO1.1.2.2.28.00.00;1.1.2.2.28.00.00 - Taxa de Cemitérios;1061,84;8149
2016;Prefeitura Municipal de Tuparetama - PE;2615904;PE;DCA-Anexo I-C;NA;Receitas Brutas Realizadas;RO1.1.2.2.90.00.00;1.1.2.2.90.00.00 - Taxa de Limpeza Pública;17582,64;8149
2016;Prefeitura Municipal de Tuparetama - PE;2615904;PE;DCA-Anexo I-C;NA;Receitas Brutas Realizadas;RO1.1.2.2.99.00.00;1.1.2.2.99.00.00 - Outras Taxas pela Prestação de Serviços;35870,59;8149
2016;Prefeitura Municipal de Tuparetama - PE;2615904;PE;DCA-Anexo I-C;NA;Receitas Brutas Realizadas;RO1.2.0.0.00.00.00;1.2.0.0.00.00.00 - Receitas de Contribuições;770164,90;8149
2016;Prefeitura Municipal de Tuparetama - PE;2615904;PE;DCA-Anexo I-C;NA;Receitas Brutas Realizadas;RO1.2.1.0.00.00.00;1.2.1.0.00.00.00 - Contribuições Sociais;708988,68;8149
2016;Prefeitura Municipal de Tuparetama - PE;2615904;PE;DCA-Anexo I-C;NA;Receitas Brutas Realizadas;RO1.2.1.0.29.00.00;1.2.1.0.29.00.00 - Contribuições para o Regime Próprio de Previdência do Servidor Público;708988,68;8149
2016;Prefeitura Municipal de Tuparetama - PE;2615904;PE;DCA-Anexo I-C;NA;Receitas Brutas Realizadas;RO1.2.1.0.29.07.00;1.2.1.0.29.07.00 - Contribuição do Servidor Ativo Civil para o Regime Próprio;707735,93;8149
2016;Prefeitura Municipal de Tuparetama - PE;2615904;PE;DCA-Anexo I-C;NA;Receitas Brutas Realizadas;RO1.2.1.0.29.09.00;1.2.1.0.29.09.00 - Contribuições do Servidor Inativo Civil para o Regime Próprio;1252,75;8149
2016;Prefeitura Municipal de Tuparetama - PE;2615904;PE;DCA-Anexo I-C;NA;Receitas Brutas Realizadas;RO1.2.3.0.00.00.00;1.2.3.0.00.00.00 - Contribuição para Custeio do Serviço de Iluminação Pública;61176,22;8149
2016;Prefeitura Municipal de Tuparetama - PE;2615904;PE;DCA-Anexo I-C;NA;Receitas Brutas Realizadas;RO1.3.0.0.00.00.00;1.3.0.0.00.00.00 - Receita Patrimonial;213125,37;8149
2016;Prefeitura Municipal de Tuparetama - PE;2615904;PE;DCA-Anexo I-C;NA;Receitas Brutas Realizadas;RO1.3.2.0.00.00.00;1.3.2.0.00.00.00 - Receitas de Valores Mobiliários;213125,37;8149
2016;Prefeitura Municipal de Tuparetama - PE;2615904;PE;DCA-Anexo I-C;NA;Receitas Brutas Realizadas;RO1.3.2.5.00.00.00;1.3.2.5.00.00.00 - Remuneração de Depósitos Bancários;213125,37;8149
2016;Prefeitura Municipal de Tuparetama - PE;2615904;PE;DCA-Anexo I-C;NA;Receitas Brutas Realizadas;RO1.7.0.0.00.00.00;1.7.0.0.00.00.00 - Transferências Correntes;22117691,38;8149
2016;Prefeitura Municipal de Tuparetama - PE;2615904;PE;DCA-Anexo I-C;NA;Deduções - FUNDEB;RO1.7.0.0.00.00.00;1.7.0.0.00.00.00 - Transferências Correntes;2434841,12;8149
2016;Prefeitura Municipal de Tuparetama - PE;2615904;PE;DCA-Anexo I-C;NA;Receitas Brutas Realizadas;RO1.7.2.0.00.00.00;1.7.2.0.00.00.00 - Transferências Intergovernamentais;21950563,09;8149
2016;Prefeitura Municipal de Tuparetama - PE;2615904;PE;DCA-Anexo I-C;NA;Deduções - FUNDEB;RO1.7.2.0.00.00.00;1.7.2.0.00.00.00 - Transferências Intergovernamentais;2434841,12;8149
2016;Prefeitura Municipal de Tuparetama - PE;2615904;PE;DCA-Anexo I-C;NA;Receitas Brutas Realizadas;RO1.7.2.1.00.00.00;1.7.2.1.00.00.00 - Transferências da União;12293940,24;8149
2016;Prefeitura Municipal de Tuparetama - PE;2615904;PE;DCA-Anexo I-C;NA;Deduções - FUNDEB;RO1.7.2.1.00.00.00;1.7.2.1.00.00.00 - Transferências da União;1663393,11;8149
2016;Prefeitura Municipal de Tuparetama - PE;2615904;PE;DCA-Anexo I-C;NA;Receitas Brutas Realizadas;RO1.7.2.1.01.00.00;1.7.2.1.01.00.00 - Participação na Receita da União;8922574,18;8149
2016;Prefeitura Municipal de Tuparetama - PE;2615904;PE;DCA-Anexo I-C;NA;Deduções - FUNDEB;RO1.7.2.1.01.00.00;1.7.2.1.01.00.00 - Participação na Receita da União;1661876,15;8149
2016;Prefeitura Municipal de Tuparetama - PE;2615904;PE;DCA-Anexo I-C;NA;Receitas Brutas Realizadas;RO1.7.2.1.01.02.00;1.7.2.1.01.02.00 - Cota-Parte do Fundo de Participação dos Municípios ¿ FPM;8921323,33;8149
2016;Prefeitura Municipal de Tuparetama - PE;2615904;PE;DCA-Anexo I-C;NA;Deduções - FUNDEB;RO1.7.2.1.01.02.00;1.7.2.1.01.02.00 - Cota-Parte do Fundo de Participação dos Municípios ¿ FPM;1661626,06;8149
2016;Prefeitura Municipal de Tuparetama - PE;2615904;PE;DCA-Anexo I-C;NA;Receitas Brutas Realizadas;RO1.7.2.1.01.05.00;1.7.2.1.01.05.00 - Cota-Parte do Imposto Sobre a Propriedade Territorial Rural ¿ ITR;1250,85;8149
2016;Prefeitura Municipal de Tuparetama - PE;2615904;PE;DCA-Anexo I-C;NA;Deduções - FUNDEB;RO1.7.2.1.01.05.00;1.7.2.1.01.05.00 - Cota-Parte do Imposto Sobre a Propriedade Territorial Rural ¿ ITR;250,09;8149
2016;Prefeitura Municipal de Tuparetama - PE;2615904;PE;DCA-Anexo I-C;NA;Receitas Brutas Realizadas;RO1.7.2.1.22.00.00;1.7.2.1.22.00.00 - Transferências da Compensação Financeira pela Exploração de Recursos Naturais;70714,11;8149
2016;Prefeitura Municipal de Tuparetama - PE;2615904;PE;DCA-Anexo I-C;NA;Receitas Brutas Realizadas;RO1.7.2.1.22.70.00;1.7.2.1.22.70.00 - Cota-Parte do Fundo Especial do Petróleo ¿ FEP;69906,47;8149
2016;Prefeitura Municipal de Tuparetama - PE;2615904;PE;DCA-Anexo I-C;NA;Receitas Brutas Realizadas;RO1.7.2.1.22.90.00;1.7.2.1.22.90.00 - Outras Transferências Decorrentes de Compensação Financeira pela Exploração de Recursos Naturais;807,64;8149
2016;Prefeitura Municipal de Tuparetama - PE;2615904;PE;DCA-Anexo I-C;NA;Receitas Brutas Realizadas;RO1.7.2.1.33.00.00;1.7.2.1.33.00.00 - Transferências de Recursos do Sistema Único de Saúde - SUS - Repasses Fundo a Fundo;2100555,52;8149
2016;Prefeitura Municipal de Tuparetama - PE;2615904;PE;DCA-Anexo I-C;NA;Receitas Brutas Realizadas;RO1.7.2.1.34.00.00;1.7.2.1.34.00.00 - Transferências de Recursos do Fundo Nacional de Assistência Social ¿ FNAS;275566,88;8149
2016;Prefeitura Municipal de Tuparetama - PE;2615904;PE;DCA-Anexo I-C;NA;Receitas Brutas Realizadas;RO1.7.2.1.35.00.00;1.7.2.1.35.00.00 - Transferências de Recursos do Fundo Nacional do Desenvolvimento da Educação ¿ FNDE;916944,31;8149
2016;Prefeitura Municipal de Tuparetama - PE;2615904;PE;DCA-Anexo I-C;NA;Receitas Brutas Realizadas;RO1.7.2.1.36.00.00;1.7.2.1.36.00.00 - Transferências Financeiras do ICMS ¿ Desoneração ¿ L.C. Nº 87/96;7585,24;8149
2016;Prefeitura Municipal de Tuparetama - PE;2615904;PE;DCA-Anexo I-C;NA;Deduções - FUNDEB;RO1.7.2.1.36.00.00;1.7.2.1.36.00.00 - Transferências Financeiras do ICMS ¿ Desoneração ¿ L.C. Nº 87/96;1516,96;8149
2016;Prefeitura Municipal de Tuparetama - PE;2615904;PE;DCA-Anexo I-C;NA;Receitas Brutas Realizadas;RO1.7.2.2.00.00.00;1.7.2.2.00.00.00 - Transferências dos Estados;3874223,40;8149
2016;Prefeitura Municipal de Tuparetama - PE;2615904;PE;DCA-Anexo I-C;NA;Deduções - FUNDEB;RO1.7.2.2.00.00.00;1.7.2.2.00.00.00 - Transferências dos Estados;771448,01;8149
2016;Prefeitura Municipal de Tuparetama - PE;2615904;PE;DCA-Anexo I-C;NA;Receitas Brutas Realizadas;RO1.7.2.2.01.00.00;1.7.2.2.01.00.00 - Participação na Receita dos Estados;3872730,90;8149
2016;Prefeitura Municipal de Tuparetama - PE;2615904;PE;DCA-Anexo I-C;NA;Deduções - FUNDEB;RO1.7.2.2.01.00.00;1.7.2.2.01.00.00 - Participação na Receita dos Estados;771448,01;8149
2016;Prefeitura Municipal de Tuparetama - PE;2615904;PE;DCA-Anexo I-C;NA;Receitas Brutas Realizadas;RO1.7.2.2.01.01.00;1.7.2.2.01.01.00 - Cota-Parte do ICMS;3506902,32;8149
2016;Prefeitura Municipal de Tuparetama - PE;2615904;PE;DCA-Anexo I-C;NA;Deduções - FUNDEB;RO1.7.2.2.01.01.00;1.7.2.2.01.01.00 - Cota-Parte do ICMS;701380,57;8149
2016;Prefeitura Municipal de Tuparetama - PE;2615904;PE;DCA-Anexo I-C;NA;Receitas Brutas Realizadas;RO1.7.2.2.01.02.00;1.7.2.2.01.02.00 - Cota-Parte do IPVA;344483,41;8149
2016;Prefeitura Municipal de Tuparetama - PE;2615904;PE;DCA-Anexo I-C;NA;Deduções - FUNDEB;RO1.7.2.2.01.02.00;1.7.2.2.01.02.00 - Cota-Parte do IPVA;68897,23;8149
2016;Prefeitura Municipal de Tuparetama - PE;2615904;PE;DCA-Anexo I-C;NA;Receitas Brutas Realizadas;RO1.7.2.2.01.04.00;1.7.2.2.01.04.00 - Cota-Parte do IPI - Municípios;5850,77;8149
2016;Prefeitura Municipal de Tuparetama - PE;2615904;PE;DCA-Anexo I-C;NA;Deduções - FUNDEB;RO1.7.2.2.01.04.00;1.7.2.2.01.04.00 - Cota-Parte do IPI - Municípios;1170,21;8149
2016;Prefeitura Municipal de Tuparetama - PE;2615904;PE;DCA-Anexo I-C;NA;Receitas Brutas Realizadas;RO1.7.2.2.01.13.00;1.7.2.2.01.13.00 - Cota-Parte da Contribuição de Intervenção no Domínio Econômico;15494,40;8149
2016;Prefeitura Municipal de Tuparetama - PE;2615904;PE;DCA-Anexo I-C;NA;Receitas Brutas Realizadas;RO1.7.2.2.99.00.00;1.7.2.2.99.00.00 - Outras Transferências dos Estados;1492,50;8149
2016;Prefeitura Municipal de Tuparetama - PE;2615904;PE;DCA-Anexo I-C;NA;Receitas Brutas Realizadas;RO1.7.2.4.00.00.00;1.7.2.4.00.00.00 - Transferências Multigovernamentais;5782399,45;8149
2016;Prefeitura Municipal de Tuparetama - PE;2615904;PE;DCA-Anexo I-C;NA;Receitas Brutas Realizadas;RO1.7.2.4.01.00.00;1.7.2.4.01.00.00 - Transferências de Recursos do Fundo de Manutenção e Desenvolvimento do Ensino Fundamental e de Valorização do Magistério - FUNDEB;5266861,20;8149
2016;Prefeitura Municipal de Tuparetama - PE;2615904;PE;DCA-Anexo I-C;NA;Receitas Brutas Realizadas;RO1.7.2.4.02.00.00;1.7.2.4.02.00.00 - Transferências de Recursos da Complementação ao Fundo de Manutenção e Desenvolvimento do Ensino Fundamental e de Valorização do Magistério - FUNDEB;515538,25;8149
2016;Prefeitura Municipal de Tuparetama - PE;2615904;PE;DCA-Anexo I-C;NA;Receitas Brutas Realizadas;RO1.7.6.0.00.00.00;1.7.6.0.00.00.00 - Transferências de Convênios;167128,29;8149
2016;Prefeitura Municipal de Tuparetama - PE;2615904;PE;DCA-Anexo I-C;NA;Receitas Brutas Realizadas;RO1.7.6.2.00.00.00;1.7.6.2.00.00.00 - Transferências de Convênios dos Estados e do Distrito Federal e de Suas Entidades;167128,29;8149
2016;Prefeitura Municipal de Tuparetama - PE;2615904;PE;DCA-Anexo I-C;NA;Receitas Brutas Realizadas;RO1.7.6.2.01.00.00;1.7.6.2.01.00.00 - Transferências de Convênios dos Estados para o Sistema Único de Saúde - SUS;140000,00;8149
2016;Prefeitura Municipal de Tuparetama - PE;2615904;PE;DCA-Anexo I-C;NA;Receitas Brutas Realizadas;RO1.7.6.2.02.00.00;1.7.6.2.02.00.00 - Transferências de Convênios dos Estados Destinadas a Programas de Educação;27128,29;8149
2016;Prefeitura Municipal de Tuparetama - PE;2615904;PE;DCA-Anexo I-C;NA;Receitas Brutas Realizadas;RO1.9.0.0.00.00.00;1.9.0.0.00.00.00 - Outras Receitas Correntes;936169,62;8149
2016;Prefeitura Municipal de Tuparetama - PE;2615904;PE;DCA-Anexo I-C;NA;Receitas Brutas Realizadas;RO1.9.1.0.00.00.00;1.9.1.0.00.00.00 - Multas e Juros de Mora;11170,86;8149
2016;Prefeitura Municipal de Tuparetama - PE;2615904;PE;DCA-Anexo I-C;NA;Receitas Brutas Realizadas;RO1.9.1.1.00.00.00;1.9.1.1.00.00.00 - Multas e Juros de Mora dos Tributos;892,10;8149
2016;Prefeitura Municipal de Tuparetama - PE;2615904;PE;DCA-Anexo I-C;NA;Receitas Brutas Realizadas;RO1.9.1.1.02.00.00;1.9.1.1.02.00.00 - Multas e Juros de Mora ¿ Imposto de Renda e Proventos Qualquer Natureza;892,10;8149
2016;Prefeitura Municipal de Tuparetama - PE;2615904;PE;DCA-Anexo I-C;NA;Receitas Brutas Realizadas;RO1.9.1.2.00.00.00;1.9.1.2.00.00.00 - Multas e Juros de Mora das Contribuições;7084,53;8149
2016;Prefeitura Municipal de Tuparetama - PE;2615904;PE;DCA-Anexo I-C;NA;Receitas Brutas Realizadas;RO1.9.1.2.29.00.00;1.9.1.2.29.00.00 - Multas e Juros de Mora das Contribuições para o Regime Próprio de Previdência do Servidor;7084,53;8149
2016;Prefeitura Municipal de Tuparetama - PE;2615904;PE;DCA-Anexo I-C;NA;Receitas Brutas Realizadas;RO1.9.1.3.00.00.00;1.9.1.3.00.00.00 - Multas e Juros de Mora da Dívida Ativa dos Tributos;3194,23;8149
2016;Prefeitura Municipal de Tuparetama - PE;2615904;PE;DCA-Anexo I-C;NA;Receitas Brutas Realizadas;RO1.9.1.3.11.00.00;1.9.1.3.11.00.00 - Multas e Juros de Mora da Dívida Ativa do Imposto sobre a Propriedade Predial e Territorial Urbana ¿ IPTU;2688,99;8149
2016;Prefeitura Municipal de Tuparetama - PE;2615904;PE;DCA-Anexo I-C;NA;Receitas Brutas Realizadas;RO1.9.1.3.99.00.00;1.9.1.3.99.00.00 - Multas e Juros de Mora da Dívida Ativa de Outros Tributos;505,24;8149
2016;Prefeitura Municipal de Tuparetama - PE;2615904;PE;DCA-Anexo I-C;NA;Receitas Brutas Realizadas;RO1.9.2.0.00.00.00;1.9.2.0.00.00.00 - Indenizações e Restituições;847498,87;8149
2016;Prefeitura Municipal de Tuparetama - PE;2615904;PE;DCA-Anexo I-C;NA;Receitas Brutas Realizadas;RO1.9.2.2.00.00.00;1.9.2.2.00.00.00 - Restituições;847498,87;8149
2016;Prefeitura Municipal de Tuparetama - PE;2615904;PE;DCA-Anexo I-C;NA;Receitas Brutas Realizadas;RO1.9.2.2.99.00.00;1.9.2.2.99.00.00 - Outras Restituições;847498,87;8149
2016;Prefeitura Municipal de Tuparetama - PE;2615904;PE;DCA-Anexo I-C;NA;Receitas Brutas Realizadas;RO1.9.3.0.00.00.00;1.9.3.0.00.00.00 - Receita da Dívida Ativa;28279,25;8149
2016;Prefeitura Municipal de Tuparetama - PE;2615904;PE;DCA-Anexo I-C;NA;Receitas Brutas Realizadas;RO1.9.3.1.00.00.00;1.9.3.1.00.00.00 - Receita da Dívida Ativa Tributária;28279,25;8149
2016;Prefeitura Municipal de Tuparetama - PE;2615904;PE;DCA-Anexo I-C;NA;Receitas Brutas Realizadas;RO1.9.3.1.11.00.00;1.9.3.1.11.00.00 - Receita da Dívida Ativa do Imposto sobre a Propriedade Predial e Territorial Urbana ¿ IPTU;26795,51;8149
2016;Prefeitura Municipal de Tuparetama - PE;2615904;PE;DCA-Anexo I-C;NA;Receitas Brutas Realizadas;RO1.9.3.1.13.00.00;1.9.3.1.13.00.00 - Receita da Dívida Ativa do Imposto sobre Serviços de Qualquer Natureza ¿ ISS;1483,74;8149
2016;Prefeitura Municipal de Tuparetama - PE;2615904;PE;DCA-Anexo I-C;NA;Receitas Brutas Realizadas;RO1.9.9.0.00.00.00;1.9.9.0.00.00.00 - Receitas Diversas;49220,64;8149
2016;Prefeitura Municipal de Tuparetama - PE;2615904;PE;DCA-Anexo I-C;NA;Receitas Brutas Realizadas;RO1.9.9.0.99.00.00;1.9.9.0.99.00.00 - Outras Receitas;49220,64;8149
2016;Prefeitura Municipal de Tuparetama - PE;2615904;PE;DCA-Anexo I-C;NA;Receitas Brutas Realizadas;RO2.0.0.0.00.00.00;2.0.0.0.00.00.00 - Receitas de Capital;906160,87;8149
2016;Prefeitura Municipal de Tuparetama - PE;2615904;PE;DCA-Anexo I-C;NA;Receitas Brutas Realizadas;RO2.4.0.0.00.00.00;2.4.0.0.00.00.00 - Transferências de Capital;906160,87;8149
2016;Prefeitura Municipal de Tuparetama - PE;2615904;PE;DCA-Anexo I-C;NA;Receitas Brutas Realizadas;RO2.4.7.0.00.00.00;2.4.7.0.00.00.00 - Transferências de Convênios;906160,87;8149
2016;Prefeitura Municipal de Tuparetama - PE;2615904;PE;DCA-Anexo I-C;NA;Receitas Brutas Realizadas;RO2.4.7.1.00.00.00;2.4.7.1.00.00.00 - Transferências de Convênios da União e de suas Entidades;518471,67;8149
2016;Prefeitura Municipal de Tuparetama - PE;2615904;PE;DCA-Anexo I-C;NA;Receitas Brutas Realizadas;RO2.4.7.1.01.00.00;2.4.7.1.01.00.00 - Transferências de Convênios da União para o Sistema Único de Saúde - SUS;17500,00;8149
2016;Prefeitura Municipal de Tuparetama - PE;2615904;PE;DCA-Anexo I-C;NA;Receitas Brutas Realizadas;RO2.4.7.1.05.00.00;2.4.7.1.05.00.00 - Transferências de Convênios da União Destinadas a Programas de Infraestrutura em Transporte;127870,00;8149
2016;Prefeitura Municipal de Tuparetama - PE;2615904;PE;DCA-Anexo I-C;NA;Receitas Brutas Realizadas;RO2.4.7.1.99.00.00;2.4.7.1.99.00.00 - Outras Transferências de Convênios da União;373101,67;8149
2016;Prefeitura Municipal de Tuparetama - PE;2615904;PE;DCA-Anexo I-C;NA;Receitas Brutas Realizadas;RO2.4.7.2.00.00.00;2.4.7.2.00.00.00 - Transferências de Convênios dos Estados e do Distrito Federal e de suas Entidades;387689,20;8149
2016;Prefeitura Municipal de Tuparetama - PE;2615904;PE;DCA-Anexo I-C;NA;Receitas Brutas Realizadas;RO2.4.7.2.05.00.00;2.4.7.2.05.00.00 - Transferências de Convênios dos Estados Destinadas a Programas de Infraestrutura em Transporte;105992,50;8149
2016;Prefeitura Municipal de Tuparetama - PE;2615904;PE;DCA-Anexo I-C;NA;Receitas Brutas Realizadas;RO2.4.7.2.99.00.00;2.4.7.2.99.00.00 - Outras Transferências de Convênios dos Estados;281696,70;8149
2016;Prefeitura Municipal de Tuparetama - PE;2615904;PE;DCA-Anexo I-C;NA;Receitas Brutas Realizadas;RI7.0.0.0.00.00.00;7.0.0.0.00.00.00 - Receitas Correntes Intraorçamentárias;1209520,91;8149
2016;Prefeitura Municipal de Tuparetama - PE;2615904;PE;DCA-Anexo I-C;NA;Receitas Brutas Realizadas;RI7.2.0.0.00.00.00;7.2.0.0.00.00.00 - Receitas de Contribuições Intraorçamentárias;808771,04;8149
2016;Prefeitura Municipal de Tuparetama - PE;2615904;PE;DCA-Anexo I-C;NA;Receitas Brutas Realizadas;RI7.2.1.0.00.00.00;7.2.1.0.00.00.00 - Contribuições Sociais Intraorçamentárias;808771,04;8149
2016;Prefeitura Municipal de Tuparetama - PE;2615904;PE;DCA-Anexo I-C;NA;Receitas Brutas Realizadas;RI7.2.1.0.29.00.00;7.2.1.0.29.00.00 - Contribuições para o Regime Próprio de Previdência do Servidor Público Intraorçamentárias;808771,04;8149
2016;Prefeitura Municipal de Tuparetama - PE;2615904;PE;DCA-Anexo I-C;NA;Receitas Brutas Realizadas;RI7.2.1.0.29.01.00;7.2.1.0.29.01.00 - Contribuição Patronal de Servidor Ativo Civil para o Regime Próprio Intraorçamentária;808771,04;8149
2016;Prefeitura Municipal de Tuparetama - PE;2615904;PE;DCA-Anexo I-C;NA;Receitas Brutas Realizadas;RI7.9.0.0.00.00.00;7.9.0.0.00.00.00 - Outras Receitas Correntes Intraorçamentárias;400749,87;8149
2016;Prefeitura Municipal de Tuparetama - PE;2615904;PE;DCA-Anexo I-C;NA;Receitas Brutas Realizadas;RI7.9.9.9.00.00.00;7.9.9.9.00.00.00 - Demais Receitas Correntes Intraorçamentárias;400749,87;8149
2017;Prefeitura Municipal de Tuparetama - PE;2615904;PE;DCA-Anexo I-C;Padrão;Receitas Brutas Realizadas;TotalReceitas;Total Receitas;24446265,38;8159
2017;Prefeitura Municipal de Tuparetama - PE;2615904;PE;DCA-Anexo I-C;Padrão;Outras Deduções da Receita;TotalReceitas;Total Receitas;2377454,23;8159
2017;Prefeitura Municipal de Tuparetama - PE;2615904;PE;DCA-Anexo I-C;Padrão;Receitas Brutas Realizadas;RO1.0.0.0.00.00.00;1.0.0.0.00.00.00 - Receitas Correntes;23027933,70;8159
2017;Prefeitura Municipal de Tuparetama - PE;2615904;PE;DCA-Anexo I-C;Padrão;Outras Deduções da Receita;RO1.0.0.0.00.00.00;1.0.0.0.00.00.00 - Receitas Correntes;2377454,23;8159
2017;Prefeitura Municipal de Tuparetama - PE;2615904;PE;DCA-Anexo I-C;Padrão;Receitas Brutas Realizadas;RO1.1.0.0.00.00.00;1.1.0.0.00.00.00 - Receita Tributária;692851,97;8159
2017;Prefeitura Municipal de Tuparetama - PE;2615904;PE;DCA-Anexo I-C;Padrão;Receitas Brutas Realizadas;RO1.1.1.0.00.00.00;1.1.1.0.00.00.00 - Impostos;576804,44;8159
2017;Prefeitura Municipal de Tuparetama - PE;2615904;PE;DCA-Anexo I-C;Padrão;Receitas Brutas Realizadas;RO1.1.1.2.00.00.00;1.1.1.2.00.00.00 - Impostos sobre o Patrimônio e a Renda;354354,18;8159
2017;Prefeitura Municipal de Tuparetama - PE;2615904;PE;DCA-Anexo I-C;Padrão;Receitas Brutas Realizadas;RO1.1.1.2.02.00.00;1.1.1.2.02.00.00 - Imposto sobre a Propriedade Predial e Territorial Urbana ¿ IPTU;115029,03;8159
2017;Prefeitura Municipal de Tuparetama - PE;2615904;PE;DCA-Anexo I-C;Padrão;Receitas Brutas Realizadas;RO1.1.1.2.04.00.00;1.1.1.2.04.00.00 - Imposto sobre a Renda e Proventos de Qualquer Natureza ¿ IR;222884,71;8159
2017;Prefeitura Municipal de Tuparetama - PE;2615904;PE;DCA-Anexo I-C;Padrão;Receitas Brutas Realizadas;RO1.1.1.2.04.31.00;1.1.1.2.04.31.00 - Retido nas Fontes - Trabalho;207246,81;8159
2017;Prefeitura Municipal de Tuparetama - PE;2615904;PE;DCA-Anexo I-C;Padrão;Receitas Brutas Realizadas;RO1.1.1.2.04.34.00;1.1.1.2.04.34.00 - Retido nas Fontes - Outros Rendimentos;15637,90;8159
2017;Prefeitura Municipal de Tuparetama - PE;2615904;PE;DCA-Anexo I-C;Padrão;Receitas Brutas Realizadas;RO1.1.1.2.08.00.00;"1.1.1.2.08.00.00 - Imposto sobre Transmissão ""Inter Vivos"" de Bens Imóveis e de Direitos Reais sobre Imóveis ¿ ITBI";16440,44;8159
2017;Prefeitura Municipal de Tuparetama - PE;2615904;PE;DCA-Anexo I-C;Padrão;Receitas Brutas Realizadas;RO1.1.1.3.00.00.00;1.1.1.3.00.00.00 - Impostos sobre a Produção e a Circulação;222450,26;8159
2017;Prefeitura Municipal de Tuparetama - PE;2615904;PE;DCA-Anexo I-C;Padrão;Receitas Brutas Realizadas;RO1.1.1.3.05.00.00;1.1.1.3.05.00.00 - Imposto sobre Serviços de Qualquer Natureza ¿ ISSQN;222450,26;8159
2017;Prefeitura Municipal de Tuparetama - PE;2615904;PE;DCA-Anexo I-C;Padrão;Receitas Brutas Realizadas;RO1.1.2.0.00.00.00;1.1.2.0.00.00.00 - Taxas;116047,53;8159
2017;Prefeitura Municipal de Tuparetama - PE;2615904;PE;DCA-Anexo I-C;Padrão;Receitas Brutas Realizadas;RO1.1.2.1.00.00.00;1.1.2.1.00.00.00 - Taxas pelo Exercício do Poder de Polícia;39057,97;8159
2017;Prefeitura Municipal de Tuparetama - PE;2615904;PE;DCA-Anexo I-C;Padrão;Receitas Brutas Realizadas;RO1.1.2.2.00.00.00;1.1.2.2.00.00.00 - Taxas pela Prestação de Serviços;76989,56;8159
2017;Prefeitura Municipal de Tuparetama - PE;2615904;PE;DCA-Anexo I-C;Padrão;Receitas Brutas Realizadas;RO1.1.2.2.90.00.00;1.1.2.2.90.00.00 - Taxa de Limpeza Pública;19534,36;8159
2017;Prefeitura Municipal de Tuparetama - PE;2615904;PE;DCA-Anexo I-C;Padrão;Receitas Brutas Realizadas;RO1.1.2.2.99.00.00;1.1.2.2.99.00.00 - Outras Taxas pela Prestação de Serviços;57455,20;8159
2017;Prefeitura Municipal de Tuparetama - PE;2615904;PE;DCA-Anexo I-C;Padrão;Receitas Brutas Realizadas;RO1.2.0.0.00.00.00;1.2.0.0.00.00.00 - Receitas de Contribuições;679441,36;8159
2017;Prefeitura Municipal de Tuparetama - PE;2615904;PE;DCA-Anexo I-C;Padrão;Receitas Brutas Realizadas;RO1.2.1.0.00.00.00;1.2.1.0.00.00.00 - Contribuições Sociais;636786,10;8159
2017;Prefeitura Municipal de Tuparetama - PE;2615904;PE;DCA-Anexo I-C;Padrão;Receitas Brutas Realizadas;RO1.2.1.0.29.00.00;1.2.1.0.29.00.00 - Contribuições para o Regime Próprio de Previdência do Servidor Público;636786,10;8159
2017;Prefeitura Municipal de Tuparetama - PE;2615904;PE;DCA-Anexo I-C;Padrão;Receitas Brutas Realizadas;RO1.2.1.0.29.07.00;1.2.1.0.29.07.00 - Contribuição do Servidor Ativo Civil para o Regime Próprio;636786,10;8159
2017;Prefeitura Municipal de Tuparetama - PE;2615904;PE;DCA-Anexo I-C;Padrão;Receitas Brutas Realizadas;RO1.2.3.0.00.00.00;1.2.3.0.00.00.00 - Contribuição para Custeio do Serviço de Iluminação Pública;42655,26;8159
2017;Prefeitura Municipal de Tuparetama - PE;2615904;PE;DCA-Anexo I-C;Padrão;Receitas Brutas Realizadas;RO1.3.0.0.00.00.00;1.3.0.0.00.00.00 - Receita Patrimonial;108679,40;8159
2017;Prefeitura Municipal de Tuparetama - PE;2615904;PE;DCA-Anexo I-C;Padrão;Receitas Brutas Realizadas;RO1.3.2.0.00.00.00;1.3.2.0.00.00.00 - Receitas de Valores Mobiliários;108679,40;8159
2017;Prefeitura Municipal de Tuparetama - PE;2615904;PE;DCA-Anexo I-C;Padrão;Receitas Brutas Realizadas;RO1.3.2.5.00.00.00;1.3.2.5.00.00.00 - Remuneração de Depósitos Bancários;108679,40;8159
2017;Prefeitura Municipal de Tuparetama - PE;2615904;PE;DCA-Anexo I-C;Padrão;Receitas Brutas Realizadas;RO1.6.0.0.00.00.00;1.6.0.0.00.00.00 - Receita de Serviços;9057,18;8159
2017;Prefeitura Municipal de Tuparetama - PE;2615904;PE;DCA-Anexo I-C;Padrão;Receitas Brutas Realizadas;RO1.6.0.0.05.00.00;1.6.0.0.05.00.00 - Serviços de Saúde;9057,18;8159
2017;Prefeitura Municipal de Tuparetama - PE;2615904;PE;DCA-Anexo I-C;Padrão;Receitas Brutas Realizadas;RO1.7.0.0.00.00.00;1.7.0.0.00.00.00 - Transferências Correntes;21506955,71;8159
2017;Prefeitura Municipal de Tuparetama - PE;2615904;PE;DCA-Anexo I-C;Padrão;Outras Deduções da Receita;RO1.7.0.0.00.00.00;1.7.0.0.00.00.00 - Transferências Correntes;2377454,23;8159
2017;Prefeitura Municipal de Tuparetama - PE;2615904;PE;DCA-Anexo I-C;Padrão;Receitas Brutas Realizadas;RO1.7.2.0.00.00.00;1.7.2.0.00.00.00 - Transferências Intergovernamentais;21427695,09;8159
2017;Prefeitura Municipal de Tuparetama - PE;2615904;PE;DCA-Anexo I-C;Padrão;Outras Deduções da Receita;RO1.7.2.0.00.00.00;1.7.2.0.00.00.00 - Transferências Intergovernamentais;2377454,23;8159
2017;Prefeitura Municipal de Tuparetama - PE;2615904;PE;DCA-Anexo I-C;Padrão;Receitas Brutas Realizadas;RO1.7.2.1.00.00.00;1.7.2.1.00.00.00 - Transferências da União;11851989,82;8159
2017;Prefeitura Municipal de Tuparetama - PE;2615904;PE;DCA-Anexo I-C;Padrão;Outras Deduções da Receita;RO1.7.2.1.00.00.00;1.7.2.1.00.00.00 - Transferências da União;1579535,02;8159
2017;Prefeitura Municipal de Tuparetama - PE;2615904;PE;DCA-Anexo I-C;Padrão;Receitas Brutas Realizadas;RO1.7.2.1.01.00.00;1.7.2.1.01.00.00 - Participação na Receita da União;8602775,41;8159
2017;Prefeitura Municipal de Tuparetama - PE;2615904;PE;DCA-Anexo I-C;Padrão;Outras Deduções da Receita;RO1.7.2.1.01.00.00;1.7.2.1.01.00.00 - Participação na Receita da União;1578063,22;8159
2017;Prefeitura Municipal de Tuparetama - PE;2615904;PE;DCA-Anexo I-C;Padrão;Receitas Brutas Realizadas;RO1.7.2.1.01.02.00;1.7.2.1.01.02.00 - Cota-Parte do Fundo de Participação dos Municípios ¿ FPM;8600387,12;8159
2017;Prefeitura Municipal de Tuparetama - PE;2615904;PE;DCA-Anexo I-C;Padrão;Outras Deduções da Receita;RO1.7.2.1.01.02.00;1.7.2.1.01.02.00 - Cota-Parte do Fundo de Participação dos Municípios ¿ FPM;1577585,61;8159
2017;Prefeitura Municipal de Tuparetama - PE;2615904;PE;DCA-Anexo I-C;Padrão;Receitas Brutas Realizadas;RO1.7.2.1.01.05.00;1.7.2.1.01.05.00 - Cota-Parte do Imposto Sobre a Propriedade Territorial Rural ¿ ITR;2388,29;8159
2017;Prefeitura Municipal de Tuparetama - PE;2615904;PE;DCA-Anexo I-C;Padrão;Outras Deduções da Receita;RO1.7.2.1.01.05.00;1.7.2.1.01.05.00 - Cota-Parte do Imposto Sobre a Propriedade Territorial Rural ¿ ITR;477,61;8159
2017;Prefeitura Municipal de Tuparetama - PE;2615904;PE;DCA-Anexo I-C;Padrão;Receitas Brutas Realizadas;RO1.7.2.1.22.00.00;1.7.2.1.22.00.00 - Transferências da Compensação Financeira pela Exploração de Recursos Naturais;91625,69;8159
2017;Prefeitura Municipal de Tuparetama - PE;2615904;PE;DCA-Anexo I-C;Padrão;Receitas Brutas Realizadas;RO1.7.2.1.22.70.00;1.7.2.1.22.70.00 - Cota-Parte do Fundo Especial do Petróleo ¿ FEP;91625,69;8159
2017;Prefeitura Municipal de Tuparetama - PE;2615904;PE;DCA-Anexo I-C;Padrão;Receitas Brutas Realizadas;RO1.7.2.1.33.00.00;1.7.2.1.33.00.00 - Transferências de Recursos do Sistema Único de Saúde - SUS - Repasses Fundo a Fundo;2239956,34;8159
2017;Prefeitura Municipal de Tuparetama - PE;2615904;PE;DCA-Anexo I-C;Padrão;Receitas Brutas Realizadas;RO1.7.2.1.34.00.00;1.7.2.1.34.00.00 - Transferências de Recursos do Fundo Nacional de Assistência Social ¿ FNAS;285945,14;8159
2017;Prefeitura Municipal de Tuparetama - PE;2615904;PE;DCA-Anexo I-C;Padrão;Receitas Brutas Realizadas;RO1.7.2.1.35.00.00;1.7.2.1.35.00.00 - Transferências de Recursos do Fundo Nacional do Desenvolvimento da Educação ¿ FNDE;624311,04;8159
2017;Prefeitura Municipal de Tuparetama - PE;2615904;PE;DCA-Anexo I-C;Padrão;Receitas Brutas Realizadas;RO1.7.2.1.36.00.00;1.7.2.1.36.00.00 - Transferências Financeiras do ICMS ¿ Desoneração ¿ L.C. Nº 87/96;7359,12;8159
2017;Prefeitura Municipal de Tuparetama - PE;2615904;PE;DCA-Anexo I-C;Padrão;Outras Deduções da Receita;RO1.7.2.1.36.00.00;1.7.2.1.36.00.00 - Transferências Financeiras do ICMS ¿ Desoneração ¿ L.C. Nº 87/96;1471,80;8159
2017;Prefeitura Municipal de Tuparetama - PE;2615904;PE;DCA-Anexo I-C;Padrão;Receitas Brutas Realizadas;RO1.7.2.1.99.00.00;1.7.2.1.99.00.00 - Outras Transferências da União;17,08;8159
2017;Prefeitura Municipal de Tuparetama - PE;2615904;PE;DCA-Anexo I-C;Padrão;Receitas Brutas Realizadas;RO1.7.2.2.00.00.00;1.7.2.2.00.00.00 - Transferências dos Estados;4020759,68;8159
2017;Prefeitura Municipal de Tuparetama - PE;2615904;PE;DCA-Anexo I-C;Padrão;Outras Deduções da Receita;RO1.7.2.2.00.00.00;1.7.2.2.00.00.00 - Transferências dos Estados;797919,21;8159
2017;Prefeitura Municipal de Tuparetama - PE;2615904;PE;DCA-Anexo I-C;Padrão;Receitas Brutas Realizadas;RO1.7.2.2.01.00.00;1.7.2.2.01.00.00 - Participação na Receita dos Estados;4010464,65;8159
2017;Prefeitura Municipal de Tuparetama - PE;2615904;PE;DCA-Anexo I-C;Padrão;Outras Deduções da Receita;RO1.7.2.2.01.00.00;1.7.2.2.01.00.00 - Participação na Receita dos Estados;797919,21;8159
2017;Prefeitura Municipal de Tuparetama - PE;2615904;PE;DCA-Anexo I-C;Padrão;Receitas Brutas Realizadas;RO1.7.2.2.01.01.00;1.7.2.2.01.01.00 - Cota-Parte do ICMS;3597607,13;8159
2017;Prefeitura Municipal de Tuparetama - PE;2615904;PE;DCA-Anexo I-C;Padrão;Outras Deduções da Receita;RO1.7.2.2.01.01.00;1.7.2.2.01.01.00 - Cota-Parte do ICMS;719521,49;8159
2017;Prefeitura Municipal de Tuparetama - PE;2615904;PE;DCA-Anexo I-C;Padrão;Receitas Brutas Realizadas;RO1.7.2.2.01.02.00;1.7.2.2.01.02.00 - Cota-Parte do IPVA;379272,53;8159
2017;Prefeitura Municipal de Tuparetama - PE;2615904;PE;DCA-Anexo I-C;Padrão;Outras Deduções da Receita;RO1.7.2.2.01.02.00;1.7.2.2.01.02.00 - Cota-Parte do IPVA;75855,03;8159
2017;Prefeitura Municipal de Tuparetama - PE;2615904;PE;DCA-Anexo I-C;Padrão;Receitas Brutas Realizadas;RO1.7.2.2.01.04.00;1.7.2.2.01.04.00 - Cota-Parte do IPI - Municípios;12713,36;8159
2017;Prefeitura Municipal de Tuparetama - PE;2615904;PE;DCA-Anexo I-C;Padrão;Outras Deduções da Receita;RO1.7.2.2.01.04.00;1.7.2.2.01.04.00 - Cota-Parte do IPI - Municípios;2542,69;8159
2017;Prefeitura Municipal de Tuparetama - PE;2615904;PE;DCA-Anexo I-C;Padrão;Receitas Brutas Realizadas;RO1.7.2.2.01.13.00;1.7.2.2.01.13.00 - Cota-Parte da Contribuição de Intervenção no Domínio Econômico;20871,63;8159
2017;Prefeitura Municipal de Tuparetama - PE;2615904;PE;DCA-Anexo I-C;Padrão;Receitas Brutas Realizadas;RO1.7.2.2.99.00.00;1.7.2.2.99.00.00 - Outras Transferências dos Estados;10295,03;8159
2017;Prefeitura Municipal de Tuparetama - PE;2615904;PE;DCA-Anexo I-C;Padrão;Receitas Brutas Realizadas;RO1.7.2.4.00.00.00;1.7.2.4.00.00.00 - Transferências Multigovernamentais;5554945,59;8159
2017;Prefeitura Municipal de Tuparetama - PE;2615904;PE;DCA-Anexo I-C;Padrão;Receitas Brutas Realizadas;RO1.7.2.4.01.00.00;1.7.2.4.01.00.00 - Transferências de Recursos do Fundo de Manutenção e Desenvolvimento do Ensino Fundamental e de Valorização do Magistério - FUNDEB;4885275,97;8159
2017;Prefeitura Municipal de Tuparetama - PE;2615904;PE;DCA-Anexo I-C;Padrão;Receitas Brutas Realizadas;RO1.7.2.4.02.00.00;1.7.2.4.02.00.00 - Transferências de Recursos da Complementação ao Fundo de Manutenção e Desenvolvimento do Ensino Fundamental e de Valorização do Magistério - FUNDEB;669669,62;8159
2017;Prefeitura Municipal de Tuparetama - PE;2615904;PE;DCA-Anexo I-C;Padrão;Receitas Brutas Realizadas;RO1.7.6.0.00.00.00;1.7.6.0.00.00.00 - Transferências de Convênios;79260,62;8159
2017;Prefeitura Municipal de Tuparetama - PE;2615904;PE;DCA-Anexo I-C;Padrão;Receitas Brutas Realizadas;RO1.7.6.1.00.00.00;1.7.6.1.00.00.00 - Transferências de Convênios da União e de Suas Entidades;49817,00;8159
2017;Prefeitura Municipal de Tuparetama - PE;2615904;PE;DCA-Anexo I-C;Padrão;Receitas Brutas Realizadas;RO1.7.6.1.99.00.00;1.7.6.1.99.00.00 - Outras Transferências de Convênios da União;49817,00;8159
2017;Prefeitura Municipal de Tuparetama - PE;2615904;PE;DCA-Anexo I-C;Padrão;Receitas Brutas Realizadas;RO1.7.6.2.00.00.00;1.7.6.2.00.00.00 - Transferências de Convênios dos Estados e do Distrito Federal e de Suas Entidades;29443,62;8159
2017;Prefeitura Municipal de Tuparetama - PE;2615904;PE;DCA-Anexo I-C;Padrão;Receitas Brutas Realizadas;RO1.7.6.2.02.00.00;1.7.6.2.02.00.00 - Transferências de Convênios dos Estados Destinadas a Programas de Educação;29443,62;8159
2017;Prefeitura Municipal de Tuparetama - PE;2615904;PE;DCA-Anexo I-C;Padrão;Receitas Brutas Realizadas;RO1.9.0.0.00.00.00;1.9.0.0.00.00.00 - Outras Receitas Correntes;30948,08;8159
2017;Prefeitura Municipal de Tuparetama - PE;2615904;PE;DCA-Anexo I-C;Padrão;Receitas Brutas Realizadas;RO1.9.1.0.00.00.00;1.9.1.0.00.00.00 - Multas e Juros de Mora;4969,46;8159
2017;Prefeitura Municipal de Tuparetama - PE;2615904;PE;DCA-Anexo I-C;Padrão;Receitas Brutas Realizadas;RO1.9.1.1.00.00.00;1.9.1.1.00.00.00 - Multas e Juros de Mora dos Tributos;222,42;8159
2017;Prefeitura Municipal de Tuparetama - PE;2615904;PE;DCA-Anexo I-C;Padrão;Receitas Brutas Realizadas;RO1.9.1.1.02.00.00;1.9.1.1.02.00.00 - Multas e Juros de Mora ¿ Imposto de Renda e Proventos Qualquer Natureza;82,41;8159
2017;Prefeitura Municipal de Tuparetama - PE;2615904;PE;DCA-Anexo I-C;Padrão;Receitas Brutas Realizadas;RO1.9.1.1.38.00.00;1.9.1.1.38.00.00 - Multas e Juros de Mora do Imposto sobre a Propriedade Predial e Territorial Urbana ¿ IPTU;96,79;8159
2017;Prefeitura Municipal de Tuparetama - PE;2615904;PE;DCA-Anexo I-C;Padrão;Receitas Brutas Realizadas;RO1.9.1.1.40.00.00;1.9.1.1.40.00.00 - Multas e Juros de Mora do Imposto sobre Serviços de Qualquer Natureza ¿ ISS;43,22;8159
2017;Prefeitura Municipal de Tuparetama - PE;2615904;PE;DCA-Anexo I-C;Padrão;Receitas Brutas Realizadas;RO1.9.1.3.00.00.00;1.9.1.3.00.00.00 - Multas e Juros de Mora da Dívida Ativa dos Tributos;4747,04;8159
2017;Prefeitura Municipal de Tuparetama - PE;2615904;PE;DCA-Anexo I-C;Padrão;Receitas Brutas Realizadas;RO1.9.1.3.11.00.00;1.9.1.3.11.00.00 - Multas e Juros de Mora da Dívida Ativa do Imposto sobre a Propriedade Predial e Territorial Urbana ¿ IPTU;612,71;8159
2017;Prefeitura Municipal de Tuparetama - PE;2615904;PE;DCA-Anexo I-C;Padrão;Receitas Brutas Realizadas;RO1.9.1.3.99.00.00;1.9.1.3.99.00.00 - Multas e Juros de Mora da Dívida Ativa de Outros Tributos;4134,33;8159
2017;Prefeitura Municipal de Tuparetama - PE;2615904;PE;DCA-Anexo I-C;Padrão;Receitas Brutas Realizadas;RO1.9.2.0.00.00.00;1.9.2.0.00.00.00 - Indenizações e Restituições;3395,12;8159
2017;Prefeitura Municipal de Tuparetama - PE;2615904;PE;DCA-Anexo I-C;Padrão;Receitas Brutas Realizadas;RO1.9.2.2.00.00.00;1.9.2.2.00.00.00 - Restituições;3395,12;8159
2017;Prefeitura Municipal de Tuparetama - PE;2615904;PE;DCA-Anexo I-C;Padrão;Receitas Brutas Realizadas;RO1.9.2.2.99.00.00;1.9.2.2.99.00.00 - Outras Restituições;3395,12;8159
2017;Prefeitura Municipal de Tuparetama - PE;2615904;PE;DCA-Anexo I-C;Padrão;Receitas Brutas Realizadas;RO1.9.3.0.00.00.00;1.9.3.0.00.00.00 - Receita da Dívida Ativa;21363,50;8159
2017;Prefeitura Municipal de Tuparetama - PE;2615904;PE;DCA-Anexo I-C;Padrão;Receitas Brutas Realizadas;RO1.9.3.1.00.00.00;1.9.3.1.00.00.00 - Receita da Dívida Ativa Tributária;21363,50;8159
2017;Prefeitura Municipal de Tuparetama - PE;2615904;PE;DCA-Anexo I-C;Padrão;Receitas Brutas Realizadas;RO1.9.3.1.11.00.00;1.9.3.1.11.00.00 - Receita da Dívida Ativa do Imposto sobre a Propriedade Predial e Territorial Urbana ¿ IPTU;20168,21;8159
2017;Prefeitura Municipal de Tuparetama - PE;2615904;PE;DCA-Anexo I-C;Padrão;Receitas Brutas Realizadas;RO1.9.3.1.13.00.00;1.9.3.1.13.00.00 - Receita da Dívida Ativa do Imposto sobre Serviços de Qualquer Natureza ¿ ISS;1195,29;8159
2017;Prefeitura Municipal de Tuparetama - PE;2615904;PE;DCA-Anexo I-C;Padrão;Receitas Brutas Realizadas;RO1.9.9.0.00.00.00;1.9.9.0.00.00.00 - Receitas Diversas;1220,00;8159
2017;Prefeitura Municipal de Tuparetama - PE;2615904;PE;DCA-Anexo I-C;Padrão;Receitas Brutas Realizadas;RO1.9.9.0.99.00.00;1.9.9.0.99.00.00 - Outras Receitas;1220,00;8159
2017;Prefeitura Municipal de Tuparetama - PE;2615904;PE;DCA-Anexo I-C;Padrão;Receitas Brutas Realizadas;RO2.0.0.0.00.00.00;2.0.0.0.00.00.00 - Receitas de Capital;317149,95;8159
2017;Prefeitura Municipal de Tuparetama - PE;2615904;PE;DCA-Anexo I-C;Padrão;Receitas Brutas Realizadas;RO2.2.0.0.00.00.00;2.2.0.0.00.00.00 - Alienação de Bens;16050,00;8159
2017;Prefeitura Municipal de Tuparetama - PE;2615904;PE;DCA-Anexo I-C;Padrão;Receitas Brutas Realizadas;RO2.2.1.0.00.00.00;2.2.1.0.00.00.00 - Alienação de Bens Móveis;16050,00;8159
2017;Prefeitura Municipal de Tuparetama - PE;2615904;PE;DCA-Anexo I-C;Padrão;Receitas Brutas Realizadas;RO2.4.0.0.00.00.00;2.4.0.0.00.00.00 - Transferências de Capital;301099,95;8159
2017;Prefeitura Municipal de Tuparetama - PE;2615904;PE;DCA-Anexo I-C;Padrão;Receitas Brutas Realizadas;RO2.4.7.0.00.00.00;2.4.7.0.00.00.00 - Transferências de Convênios;301099,95;8159
2017;Prefeitura Municipal de Tuparetama - PE;2615904;PE;DCA-Anexo I-C;Padrão;Receitas Brutas Realizadas;RO2.4.7.1.00.00.00;2.4.7.1.00.00.00 - Transferências de Convênios da União e de suas Entidades;275975,33;8159
2017;Prefeitura Municipal de Tuparetama - PE;2615904;PE;DCA-Anexo I-C;Padrão;Receitas Brutas Realizadas;RO2.4.7.1.02.00.00;2.4.7.1.02.00.00 - Transferências de Convênios da União Destinadas a Programas de Educação;275975,33;8159
2017;Prefeitura Municipal de Tuparetama - PE;2615904;PE;DCA-Anexo I-C;Padrão;Receitas Brutas Realizadas;RO2.4.7.2.00.00.00;2.4.7.2.00.00.00 - Transferências de Convênios dos Estados e do Distrito Federal e de suas Entidades;25124,62;8159
2017;Prefeitura Municipal de Tuparetama - PE;2615904;PE;DCA-Anexo I-C;Padrão;Receitas Brutas Realizadas;RO2.4.7.2.99.00.00;2.4.7.2.99.00.00 - Outras Transferências de Convênios dos Estados;25124,62;8159
2017;Prefeitura Municipal de Tuparetama - PE;2615904;PE;DCA-Anexo I-C;Padrão;Receitas Brutas Realizadas;RI7.0.0.0.00.00.00;7.0.0.0.00.00.00 - Receitas Correntes Intraorçamentárias;1101181,73;8159
2017;Prefeitura Municipal de Tuparetama - PE;2615904;PE;DCA-Anexo I-C;Padrão;Receitas Brutas Realizadas;RI7.2.0.0.00.00.00;7.2.0.0.00.00.00 - Receitas de Contribuições Intraorçamentárias;1101181,73;8159
2017;Prefeitura Municipal de Tuparetama - PE;2615904;PE;DCA-Anexo I-C;Padrão;Receitas Brutas Realizadas;RI7.2.1.0.00.00.00;7.2.1.0.00.00.00 - Contribuições Sociais Intraorçamentárias;1101181,73;8159
2017;Prefeitura Municipal de Tuparetama - PE;2615904;PE;DCA-Anexo I-C;Padrão;Receitas Brutas Realizadas;RI7.2.1.0.29.00.00;7.2.1.0.29.00.00 - Contribuições para o Regime Próprio de Previdência do Servidor Público Intraorçamentárias;1101181,73;8159
2017;Prefeitura Municipal de Tuparetama - PE;2615904;PE;DCA-Anexo I-C;Padrão;Receitas Brutas Realizadas;RI7.2.1.0.29.01.00;7.2.1.0.29.01.00 - Contribuição Patronal de Servidor Ativo Civil para o Regime Próprio Intraorçamentária;909550,94;8159
2017;Prefeitura Municipal de Tuparetama - PE;2615904;PE;DCA-Anexo I-C;Padrão;Receitas Brutas Realizadas;RI7.2.1.0.29.16.00;7.2.1.0.29.16.00 - Receita de Recolhimento da Contribuição Patronal, oriunda do Pagamento de Sentenças Judiciais Intraorçamentária;191630,79;8159
2018;Prefeitura Municipal de Tuparetama - PE;2615904;PE;DCA-Anexo I-C;Padrão;Receitas Brutas Realizadas;TotalReceitas;Total Receitas;31166182,08;8159
2018;Prefeitura Municipal de Tuparetama - PE;2615904;PE;DCA-Anexo I-C;Padrão;Deduções - FUNDEB;TotalReceitas;Total Receitas;2523243,80;8159
2018;Prefeitura Municipal de Tuparetama - PE;2615904;PE;DCA-Anexo I-C;Padrão;Receitas Brutas Realizadas;RO1.0.0.0.00.0.0;1.0.0.0.00.0.0 - Receitas Correntes;26258820,41;8159
2018;Prefeitura Municipal de Tuparetama - PE;2615904;PE;DCA-Anexo I-C;Padrão;Deduções - FUNDEB;RO1.0.0.0.00.0.0;1.0.0.0.00.0.0 - Receitas Correntes;2523243,80;8159
2018;Prefeitura Municipal de Tuparetama - PE;2615904;PE;DCA-Anexo I-C;Padrão;Receitas Brutas Realizadas;RO1.1.0.0.00.0.0;1.1.0.0.00.0.0 - Impostos, Taxas e Contribuições de Melhoria;1032386,06;8159
2018;Prefeitura Municipal de Tuparetama - PE;2615904;PE;DCA-Anexo I-C;Padrão;Receitas Brutas Realizadas;RO1.1.1.0.00.0.0;1.1.1.0.00.0.0 - Impostos;839464,00;8159
2018;Prefeitura Municipal de Tuparetama - PE;2615904;PE;DCA-Anexo I-C;Padrão;Receitas Brutas Realizadas;RO1.1.1.3.00.0.0;1.1.1.3.00.0.0 - Impostos sobre a Renda e Proventos de Qualquer Natureza;376127,08;8159
2018;Prefeitura Municipal de Tuparetama - PE;2615904;PE;DCA-Anexo I-C;Padrão;Receitas Brutas Realizadas;RO1.1.1.3.03.0.0;1.1.1.3.03.0.0 - Imposto sobre a Renda - Retido na Fonte;376127,08;8159
2018;Prefeitura Municipal de Tuparetama - PE;2615904;PE;DCA-Anexo I-C;Padrão;Receitas Brutas Realizadas;RO1.1.1.3.03.1.0;1.1.1.3.03.1.0 - Imposto sobre a Renda - Retido na Fonte - Trabalho;370159,75;8159
2018;Prefeitura Municipal de Tuparetama - PE;2615904;PE;DCA-Anexo I-C;Padrão;Receitas Brutas Realizadas;RO1.1.1.3.03.4.0;1.1.1.3.03.4.0 - Imposto sobre a Renda - Retido na Fonte - Outros Rendimentos;5967,33;8159
2018;Prefeitura Municipal de Tuparetama - PE;2615904;PE;DCA-Anexo I-C;Padrão;Receitas Brutas Realizadas;RO1.1.1.8.00.0.0;1.1.1.8.00.0.0 Impostos Específicos de Estados, DF e Municípios;463336,92;8159
2018;Prefeitura Municipal de Tuparetama - PE;2615904;PE;DCA-Anexo I-C;Padrão;Receitas Brutas Realizadas;RO1.1.1.8.01.0.0;1.1.1.8.01.0.0 Impostos sobre o Patrimônio para Estados/DF/Municípios;194792,66;8159
2018;Prefeitura Municipal de Tuparetama - PE;2615904;PE;DCA-Anexo I-C;Padrão;Receitas Brutas Realizadas;RO1.1.1.8.01.1.0;1.1.1.8.01.1.0 Imposto sobre a Propriedade Predial e Territorial Urbana;164181,52;8159
2018;Prefeitura Municipal de Tuparetama - PE;2615904;PE;DCA-Anexo I-C;Padrão;Receitas Brutas Realizadas;RO1.1.1.8.01.4.0;1.1.1.8.01.4.0 Imposto sobre Transmissão ¿Inter Vivos¿ de Bens Imóveis e de Direitos Reais sobre Imóveis;30611,14;8159
2018;Prefeitura Municipal de Tuparetama - PE;2615904;PE;DCA-Anexo I-C;Padrão;Receitas Brutas Realizadas;RO1.1.1.8.02.0.0;1.1.1.8.02.0.0 Impostos sobre a Produção, Circulação de Mercadorias e Serviços;268544,26;8159
2018;Prefeitura Municipal de Tuparetama - PE;2615904;PE;DCA-Anexo I-C;Padrão;Receitas Brutas Realizadas;RO1.1.1.8.02.3.0;1.1.1.8.02.3.0 Imposto sobre Serviços de Qualquer Natureza;268544,26;8159
2018;Prefeitura Municipal de Tuparetama - PE;2615904;PE;DCA-Anexo I-C;Padrão;Receitas Brutas Realizadas;RO1.1.2.0.00.0.0;1.1.2.0.00.0.0 - Taxas;95973,33;8159
2018;Prefeitura Municipal de Tuparetama - PE;2615904;PE;DCA-Anexo I-C;Padrão;Receitas Brutas Realizadas;RO1.1.2.1.00.0.0;1.1.2.1.00.0.0 - Taxas pelo Exercício do Poder de Polícia;72901,64;8159
2018;Prefeitura Municipal de Tuparetama - PE;2615904;PE;DCA-Anexo I-C;Padrão;Receitas Brutas Realizadas;RO1.1.2.1.01.0.0;1.1.2.1.01.0.0 - Taxas de Inspeção, Controle e Fiscalização;72901,64;8159
2018;Prefeitura Municipal de Tuparetama - PE;2615904;PE;DCA-Anexo I-C;Padrão;Receitas Brutas Realizadas;RO1.1.2.2.00.0.0;1.1.2.2.00.0.0 - Taxas pela Prestação de Serviços;23071,69;8159
2018;Prefeitura Municipal de Tuparetama - PE;2615904;PE;DCA-Anexo I-C;Padrão;Receitas Brutas Realizadas;RO1.1.2.2.01.0.0;1.1.2.2.01.0.0 - Taxas pela Prestação de Serviços;23071,69;8159
2018;Prefeitura Municipal de Tuparetama - PE;2615904;PE;DCA-Anexo I-C;Padrão;Receitas Brutas Realizadas;RO1.1.3.0.00.0.0;1.1.3.0.00.0.0 - Contribuição de Melhoria;96948,73;8159
2018;Prefeitura Municipal de Tuparetama - PE;2615904;PE;DCA-Anexo I-C;Padrão;Receitas Brutas Realizadas;RO1.1.3.8.00.0.0;1.1.3.8.00.0.0 - Contribuição de Melhoria - Específica de Estados, DF e Municípios;96948,73;8159
2018;Prefeitura Municipal de Tuparetama - PE;2615904;PE;DCA-Anexo I-C;Padrão;Receitas Brutas Realizadas;RO1.2.0.0.00.0.0;1.2.0.0.00.0.0 - Contribuições;672691,22;8159
2018;Prefeitura Municipal de Tuparetama - PE;2615904;PE;DCA-Anexo I-C;Padrão;Receitas Brutas Realizadas;RO1.2.1.0.00.0.0;1.2.1.0.00.0.0 - Contribuições Sociais;672691,22;8159
2018;Prefeitura Municipal de Tuparetama - PE;2615904;PE;DCA-Anexo I-C;Padrão;Receitas Brutas Realizadas;RO1.2.1.0.04.0.0;1.2.1.0.04.0.0 - Contribuição para o Regime Próprio de Previdência Social - RPPS;672691,22;8159
2018;Prefeitura Municipal de Tuparetama - PE;2615904;PE;DCA-Anexo I-C;Padrão;Receitas Brutas Realizadas;RO1.2.1.0.04.2.0;1.2.1.0.04.2.0 - Contribuição do Servidor Ativo Civil para o RPPS;672691,22;8159
2018;Prefeitura Municipal de Tuparetama - PE;2615904;PE;DCA-Anexo I-C;Padrão;Receitas Brutas Realizadas;RO1.3.0.0.00.0.0;1.3.0.0.00.0.0 - Receita Patrimonial;3403,51;8159
2018;Prefeitura Municipal de Tuparetama - PE;2615904;PE;DCA-Anexo I-C;Padrão;Receitas Brutas Realizadas;RO1.3.2.0.00.0.0;1.3.2.0.00.0.0 - Valores Mobiliários;3403,51;8159
2018;Prefeitura Municipal de Tuparetama - PE;2615904;PE;DCA-Anexo I-C;Padrão;Receitas Brutas Realizadas;RO1.3.2.1.00.0.0;1.3.2.1.00.0.0 - Juros e Correções Monetárias;3403,51;8159
2018;Prefeitura Municipal de Tuparetama - PE;2615904;PE;DCA-Anexo I-C;Padrão;Receitas Brutas Realizadas;RO1.3.2.1.00.1.0;1.3.2.1.00.1.0 - Remuneração de Depósitos Bancários;731,48;8159
2018;Prefeitura Municipal de Tuparetama - PE;2615904;PE;DCA-Anexo I-C;Padrão;Receitas Brutas Realizadas;RO1.3.2.1.00.4.0;1.3.2.1.00.4.0 - Remuneração dos Recursos do Regime Próprio de Previdência Social - RPPS;2672,03;8159
2018;Prefeitura Municipal de Tuparetama - PE;2615904;PE;DCA-Anexo I-C;Padrão;Receitas Brutas Realizadas;RO1.6.0.0.00.0.0;1.6.0.0.00.0.0 - Receita de Serviços;3465,72;8159
2018;Prefeitura Municipal de Tuparetama - PE;2615904;PE;DCA-Anexo I-C;Padrão;Receitas Brutas Realizadas;RO1.6.3.0.00.0.0;1.6.3.0.00.0.0 - Serviços e Atividades Referentes à Saúde;3465,72;8159
2018;Prefeitura Municipal de Tuparetama - PE;2615904;PE;DCA-Anexo I-C;Padrão;Receitas Brutas Realizadas;RO1.6.3.0.01.0.0;1.6.3.0.01.0.0 - Serviços de Atendimento à Saúde;3465,72;8159
2018;Prefeitura Municipal de Tuparetama - PE;2615904;PE;DCA-Anexo I-C;Padrão;Receitas Brutas Realizadas;RO1.7.0.0.00.0.0;1.7.0.0.00.0.0 - Transferências Correntes;24503742,75;8159
2018;Prefeitura Municipal de Tuparetama - PE;2615904;PE;DCA-Anexo I-C;Padrão;Deduções - FUNDEB;RO1.7.0.0.00.0.0;1.7.0.0.00.0.0 - Transferências Correntes;2523243,80;8159
2018;Prefeitura Municipal de Tuparetama - PE;2615904;PE;DCA-Anexo I-C;Padrão;Receitas Brutas Realizadas;RO1.7.1.0.00.0.0;1.7.1.0.00.0.0 - Transferências da União e de suas Entidades;13954020,88;8159
2018;Prefeitura Municipal de Tuparetama - PE;2615904;PE;DCA-Anexo I-C;Padrão;Deduções - FUNDEB;RO1.7.1.0.00.0.0;1.7.1.0.00.0.0 - Transferências da União e de suas Entidades;1689384,24;8159
2018;Prefeitura Municipal de Tuparetama - PE;2615904;PE;DCA-Anexo I-C;Padrão;Receitas Brutas Realizadas;RO1.7.1.8.00.0.0;1.7.1.8.00.0.0 Transferências da União - Específicas de Estados, DF e Municípios;13954020,88;8159
2018;Prefeitura Municipal de Tuparetama - PE;2615904;PE;DCA-Anexo I-C;Padrão;Deduções - FUNDEB;RO1.7.1.8.00.0.0;1.7.1.8.00.0.0 Transferências da União - Específicas de Estados, DF e Municípios;1689384,24;8159
2018;Prefeitura Municipal de Tuparetama - PE;2615904;PE;DCA-Anexo I-C;Padrão;Receitas Brutas Realizadas;RO1.7.1.8.01.0.0;1.7.1.8.01.0.0 Participação na Receita da União;9180411,03;8159
2018;Prefeitura Municipal de Tuparetama - PE;2615904;PE;DCA-Anexo I-C;Padrão;Deduções - FUNDEB;RO1.7.1.8.01.0.0;1.7.1.8.01.0.0 Participação na Receita da União;1687961,28;8159
2018;Prefeitura Municipal de Tuparetama - PE;2615904;PE;DCA-Anexo I-C;Padrão;Receitas Brutas Realizadas;RO1.7.1.8.01.2.0;1.7.1.8.01.2.0 Cota-Parte do Fundo de Participação dos Municípios - Cota Mensal;8438626,16;8159
2018;Prefeitura Municipal de Tuparetama - PE;2615904;PE;DCA-Anexo I-C;Padrão;Deduções - FUNDEB;RO1.7.1.8.01.2.0;1.7.1.8.01.2.0 Cota-Parte do Fundo de Participação dos Municípios - Cota Mensal;1687724,96;8159
2018;Prefeitura Municipal de Tuparetama - PE;2615904;PE;DCA-Anexo I-C;Padrão;Receitas Brutas Realizadas;RO1.7.1.8.01.3.0;1.7.1.8.01.3.0 Cota-Parte do Fundo de Participação do Municípios ¿ 1% Cota entregue no mês de dezembro;375133,81;8159
2018;Prefeitura Municipal de Tuparetama - PE;2615904;PE;DCA-Anexo I-C;Padrão;Receitas Brutas Realizadas;RO1.7.1.8.01.4.0;1.7.1.8.01.4.0 Cota-Parte do Fundo de Participação dos Municípios - 1% Cota entregue no mês de julho;365469,08;8159
2018;Prefeitura Municipal de Tuparetama - PE;2615904;PE;DCA-Anexo I-C;Padrão;Receitas Brutas Realizadas;RO1.7.1.8.01.5.0;1.7.1.8.01.5.0 Cota-Parte do Imposto Sobre a Propriedade Territorial Rural;1181,98;8159
2018;Prefeitura Municipal de Tuparetama - PE;2615904;PE;DCA-Anexo I-C;Padrão;Deduções - FUNDEB;RO1.7.1.8.01.5.0;1.7.1.8.01.5.0 Cota-Parte do Imposto Sobre a Propriedade Territorial Rural;236,32;8159
2018;Prefeitura Municipal de Tuparetama - PE;2615904;PE;DCA-Anexo I-C;Padrão;Receitas Brutas Realizadas;RO1.7.1.8.02.0.0;1.7.1.8.02.0.0 Transferência da Compensação Financeira pela Exploração de Recursos Naturais;140389,22;8159
2018;Prefeitura Municipal de Tuparetama - PE;2615904;PE;DCA-Anexo I-C;Padrão;Receitas Brutas Realizadas;RO1.7.1.8.02.6.0;1.7.1.8.02.6.0 Cota-Parte do Fundo Especial do Petróleo ¿ FEP;140389,22;8159
2018;Prefeitura Municipal de Tuparetama - PE;2615904;PE;DCA-Anexo I-C;Padrão;Receitas Brutas Realizadas;RO1.7.1.8.03.0.0;1.7.1.8.03.0.0 Transferência de Recursos do Sistema Único de Saúde ¿ SUS ¿ Repasses Fundo a Fundo;3443925,83;8159
2018;Prefeitura Municipal de Tuparetama - PE;2615904;PE;DCA-Anexo I-C;Padrão;Receitas Brutas Realizadas;RO1.7.1.8.04.0.0;1.7.1.8.04.0.0 Transferências de Recursos do Fundo Nacional de Assistência Social ¿ FNAS;346591,13;8159
2018;Prefeitura Municipal de Tuparetama - PE;2615904;PE;DCA-Anexo I-C;Padrão;Receitas Brutas Realizadas;RO1.7.1.8.05.0.0;1.7.1.8.05.0.0 Transferências de Recursos do Fundo Nacional do Desenvolvimento da Educação ¿ FNDE;745325,80;8159
2018;Prefeitura Municipal de Tuparetama - PE;2615904;PE;DCA-Anexo I-C;Padrão;Receitas Brutas Realizadas;RO1.7.1.8.05.1.0;1.7.1.8.05.1.0 Transferências do Salário-Educação;316015,68;8159
2018;Prefeitura Municipal de Tuparetama - PE;2615904;PE;DCA-Anexo I-C;Padrão;Receitas Brutas Realizadas;RO1.7.1.8.05.3.0;1.7.1.8.05.3.0 Transferências Diretas do FNDE referentes ao Programa Nacional de Alimentação Escolar ¿ PNAE;251902,00;8159
2018;Prefeitura Municipal de Tuparetama - PE;2615904;PE;DCA-Anexo I-C;Padrão;Receitas Brutas Realizadas;RO1.7.1.8.05.4.0;1.7.1.8.05.4.0 Transferências Diretas do FNDE referentes ao Programa Nacional de Apoio ao Transporte do Escolar ¿ PNATE;102994,66;8159
2018;Prefeitura Municipal de Tuparetama - PE;2615904;PE;DCA-Anexo I-C;Padrão;Receitas Brutas Realizadas;RO1.7.1.8.05.9.0;1.7.1.8.05.9.0 Outras Transferências Diretas do Fundo Nacional do Desenvolvimento da Educação ¿ FNDE;74413,46;8159
2018;Prefeitura Municipal de Tuparetama - PE;2615904;PE;DCA-Anexo I-C;Padrão;Receitas Brutas Realizadas;RO1.7.1.8.06.0.0;1.7.1.8.06.0.0 Transferência Financeira do ICMS ¿ Desoneração ¿ L.C. Nº 87/96;7115,28;8159
2018;Prefeitura Municipal de Tuparetama - PE;2615904;PE;DCA-Anexo I-C;Padrão;Deduções - FUNDEB;RO1.7.1.8.06.0.0;1.7.1.8.06.0.0 Transferência Financeira do ICMS ¿ Desoneração ¿ L.C. Nº 87/96;1422,96;8159
2018;Prefeitura Municipal de Tuparetama - PE;2615904;PE;DCA-Anexo I-C;Padrão;Receitas Brutas Realizadas;RO1.7.1.8.06.1.0;1.7.1.8.06.1.0 Transferência Financeira do ICMS ¿ Desoneração ¿ L.C. Nº 87/96;7115,28;8159
2018;Prefeitura Municipal de Tuparetama - PE;2615904;PE;DCA-Anexo I-C;Padrão;Deduções - FUNDEB;RO1.7.1.8.06.1.0;1.7.1.8.06.1.0 Transferência Financeira do ICMS ¿ Desoneração ¿ L.C. Nº 87/96;1422,96;8159
2018;Prefeitura Municipal de Tuparetama - PE;2615904;PE;DCA-Anexo I-C;Padrão;Receitas Brutas Realizadas;RO1.7.1.8.99.0.0;1.7.1.8.99.0.0 Outras Transferências da União;90262,59;8159
2018;Prefeitura Municipal de Tuparetama - PE;2615904;PE;DCA-Anexo I-C;Padrão;Receitas Brutas Realizadas;RO1.7.2.0.00.0.0;1.7.2.0.00.0.0 - Transferências dos Estados e do Distrito Federal e de suas Entidades;4305033,34;8159
2018;Prefeitura Municipal de Tuparetama - PE;2615904;PE;DCA-Anexo I-C;Padrão;Deduções - FUNDEB;RO1.7.2.0.00.0.0;1.7.2.0.00.0.0 - Transferências dos Estados e do Distrito Federal e de suas Entidades;833859,56;8159
2018;Prefeitura Municipal de Tuparetama - PE;2615904;PE;DCA-Anexo I-C;Padrão;Receitas Brutas Realizadas;RO1.7.2.8.00.0.0;1.7.2.8.00.0.0 Transferências dos Estados - Específicas de Estados, DF e Municípios;4305033,34;8159
2018;Prefeitura Municipal de Tuparetama - PE;2615904;PE;DCA-Anexo I-C;Padrão;Deduções - FUNDEB;RO1.7.2.8.00.0.0;1.7.2.8.00.0.0 Transferências dos Estados - Específicas de Estados, DF e Municípios;833859,56;8159
2018;Prefeitura Municipal de Tuparetama - PE;2615904;PE;DCA-Anexo I-C;Padrão;Receitas Brutas Realizadas;RO1.7.2.8.01.0.0;1.7.2.8.01.0.0 Participação na Receita dos Estados;4185838,37;8159
2018;Prefeitura Municipal de Tuparetama - PE;2615904;PE;DCA-Anexo I-C;Padrão;Deduções - FUNDEB;RO1.7.2.8.01.0.0;1.7.2.8.01.0.0 Participação na Receita dos Estados;833859,56;8159
2018;Prefeitura Municipal de Tuparetama - PE;2615904;PE;DCA-Anexo I-C;Padrão;Receitas Brutas Realizadas;RO1.7.2.8.01.1.0;1.7.2.8.01.1.0 Cota-Parte do ICMS;3776457,18;8159
2018;Prefeitura Municipal de Tuparetama - PE;2615904;PE;DCA-Anexo I-C;Padrão;Deduções - FUNDEB;RO1.7.2.8.01.1.0;1.7.2.8.01.1.0 Cota-Parte do ICMS;755291,49;8159
2018;Prefeitura Municipal de Tuparetama - PE;2615904;PE;DCA-Anexo I-C;Padrão;Receitas Brutas Realizadas;RO1.7.2.8.01.2.0;1.7.2.8.01.2.0 Cota-Parte do IPVA;371085,43;8159
2018;Prefeitura Municipal de Tuparetama - PE;2615904;PE;DCA-Anexo I-C;Padrão;Deduções - FUNDEB;RO1.7.2.8.01.2.0;1.7.2.8.01.2.0 Cota-Parte do IPVA;74217,59;8159
2018;Prefeitura Municipal de Tuparetama - PE;2615904;PE;DCA-Anexo I-C;Padrão;Receitas Brutas Realizadas;RO1.7.2.8.01.3.0;1.7.2.8.01.3.0 Cota-Parte do IPI - Municípios;21752,31;8159
2018;Prefeitura Municipal de Tuparetama - PE;2615904;PE;DCA-Anexo I-C;Padrão;Deduções - FUNDEB;RO1.7.2.8.01.3.0;1.7.2.8.01.3.0 Cota-Parte do IPI - Municípios;4350,48;8159
2018;Prefeitura Municipal de Tuparetama - PE;2615904;PE;DCA-Anexo I-C;Padrão;Receitas Brutas Realizadas;RO1.7.2.8.01.4.0;1.7.2.8.01.4.0 Cota-Parte da Contribuição de Intervenção no Domínio Econômico;16543,45;8159
2018;Prefeitura Municipal de Tuparetama - PE;2615904;PE;DCA-Anexo I-C;Padrão;Receitas Brutas Realizadas;RO1.7.2.8.10.0.0;1.7.2.8.10.0.0 Transferência de Convênios dos Estados e do Distrito Federal e de Suas Entidades;102492,67;8159
2018;Prefeitura Municipal de Tuparetama - PE;2615904;PE;DCA-Anexo I-C;Padrão;Receitas Brutas Realizadas;RO1.7.2.8.10.1.0;1.7.2.8.10.1.0 Transferências de Convênio dos Estados para o Sistema Único de Saúde ¿ SUS;20037,67;8159
2018;Prefeitura Municipal de Tuparetama - PE;2615904;PE;DCA-Anexo I-C;Padrão;Receitas Brutas Realizadas;RO1.7.2.8.10.9.0;1.7.2.8.10.9.0 Outras Transferências de Convênio dos Estados;82455,00;8159
2018;Prefeitura Municipal de Tuparetama - PE;2615904;PE;DCA-Anexo I-C;Padrão;Receitas Brutas Realizadas;RO1.7.2.8.99.0.0;1.7.2.8.99.0.0 Outras Transferências dos Estados;16702,30;8159
2018;Prefeitura Municipal de Tuparetama - PE;2615904;PE;DCA-Anexo I-C;Padrão;Receitas Brutas Realizadas;RO1.7.5.0.00.0.0;1.7.5.0.00.0.0 - Transferências de Outras Instituições Públicas;6244688,53;8159
2018;Prefeitura Municipal de Tuparetama - PE;2615904;PE;DCA-Anexo I-C;Padrão;Receitas Brutas Realizadas;RO1.7.5.8.00.0.0;1.7.5.8.00.0.0 Transferências de Outras Instituições Públicas - Específicas de Estados, DF e Municípios;6244688,53;8159
2018;Prefeitura Municipal de Tuparetama - PE;2615904;PE;DCA-Anexo I-C;Padrão;Receitas Brutas Realizadas;RO1.7.5.8.01.0.0;1.7.5.8.01.0.0 Transferências de Recursos do Fundo de Manutenção e Desenvolvimento da Educação Básica e de Valorização dos Profissionais da Educação ¿ FUNDEB;6244688,53;8159
2018;Prefeitura Municipal de Tuparetama - PE;2615904;PE;DCA-Anexo I-C;Padrão;Receitas Brutas Realizadas;RO1.9.0.0.00.0.0;1.9.0.0.00.0.0 - Outras Receitas Correntes;43131,15;8159
2018;Prefeitura Municipal de Tuparetama - PE;2615904;PE;DCA-Anexo I-C;Padrão;Receitas Brutas Realizadas;RO1.9.2.0.00.0.0;1.9.2.0.00.0.0 - Indenizações, Restituições e Ressarcimentos;2465,00;8159
2018;Prefeitura Municipal de Tuparetama - PE;2615904;PE;DCA-Anexo I-C;Padrão;Receitas Brutas Realizadas;RO1.9.2.2.00.0.0;1.9.2.2.00.0.0 - Restituições;2465,00;8159
2018;Prefeitura Municipal de Tuparetama - PE;2615904;PE;DCA-Anexo I-C;Padrão;Receitas Brutas Realizadas;RO1.9.2.2.06.0.0;1.9.2.2.06.0.0 - Restituição de Despesas de Exercícios Anteriores;778,90;8159
2018;Prefeitura Municipal de Tuparetama - PE;2615904;PE;DCA-Anexo I-C;Padrão;Receitas Brutas Realizadas;RO1.9.2.2.99.0.0;1.9.2.2.99.0.0 - Outras Restituições;1686,10;8159
2018;Prefeitura Municipal de Tuparetama - PE;2615904;PE;DCA-Anexo I-C;Padrão;Receitas Brutas Realizadas;RO1.9.9.0.00.0.0;1.9.9.0.00.0.0 - Demais Receitas Correntes;40666,15;8159
2018;Prefeitura Municipal de Tuparetama - PE;2615904;PE;DCA-Anexo I-C;Padrão;Receitas Brutas Realizadas;RO1.9.9.0.99.0.0;1.9.9.0.99.0.0 - Outras Receitas;40666,15;8159
2018;Prefeitura Municipal de Tuparetama - PE;2615904;PE;DCA-Anexo I-C;Padrão;Receitas Brutas Realizadas;RO1.9.9.0.99.1.0;1.9.9.0.99.1.0 - Outras Receitas - Primárias;40666,15;8159
2018;Prefeitura Municipal de Tuparetama - PE;2615904;PE;DCA-Anexo I-C;Padrão;Receitas Brutas Realizadas;RO2.0.0.0.00.0.0;2.0.0.0.00.0.0 - Receitas de Capital;2775503,05;8159
2018;Prefeitura Municipal de Tuparetama - PE;2615904;PE;DCA-Anexo I-C;Padrão;Receitas Brutas Realizadas;RO2.2.0.0.00.0.0;2.2.0.0.00.0.0 - Alienação de Bens;12000,00;8159
2018;Prefeitura Municipal de Tuparetama - PE;2615904;PE;DCA-Anexo I-C;Padrão;Receitas Brutas Realizadas;RO2.2.1.0.00.0.0;2.2.1.0.00.0.0 - Alienação de Bens Móveis;12000,00;8159
2018;Prefeitura Municipal de Tuparetama - PE;2615904;PE;DCA-Anexo I-C;Padrão;Receitas Brutas Realizadas;RO2.2.1.3.00.0.0;2.2.1.3.00.0.0 Alienação de Bens Móveis e Semoventes;12000,00;8159
2018;Prefeitura Municipal de Tuparetama - PE;2615904;PE;DCA-Anexo I-C;Padrão;Receitas Brutas Realizadas;RO2.4.0.0.00.0.0;2.4.0.0.00.0.0 - Transferências de Capital;2763503,05;8159
2018;Prefeitura Municipal de Tuparetama - PE;2615904;PE;DCA-Anexo I-C;Padrão;Receitas Brutas Realizadas;RO2.4.1.0.00.0.0;2.4.1.0.00.0.0 - Transferências da União e de suas Entidades;2763503,05;8159
2018;Prefeitura Municipal de Tuparetama - PE;2615904;PE;DCA-Anexo I-C;Padrão;Receitas Brutas Realizadas;RO2.4.1.8.00.0.0;2.4.1.8.00.0.0 Transferências da União - Específicas de Estados, DF e Municípios;2763503,05;8159
2018;Prefeitura Municipal de Tuparetama - PE;2615904;PE;DCA-Anexo I-C;Padrão;Receitas Brutas Realizadas;RO2.4.1.8.10.0.0;2.4.1.8.10.0.0 Transferência de Convênios da União e de suas Entidades;2763503,05;8159
2018;Prefeitura Municipal de Tuparetama - PE;2615904;PE;DCA-Anexo I-C;Padrão;Receitas Brutas Realizadas;RO7.0.0.0.00.0.0;7.0.0.0.00.0.0 - Receitas Correntes - Intraorçamentárias;2131858,62;8159
2018;Prefeitura Municipal de Tuparetama - PE;2615904;PE;DCA-Anexo I-C;Padrão;Receitas Brutas Realizadas;RO7.2.0.0.00.0.0;7.2.0.0.00.0.0 - Contribuições - Intraorçamentárias;2131858,62;8159
2018;Prefeitura Municipal de Tuparetama - PE;2615904;PE;DCA-Anexo I-C;Padrão;Receitas Brutas Realizadas;RO7.2.1.0.00.0.0;7.2.1.0.00.0.0 - Contribuições Sociais - Intraorçamentárias;2131858,62;8159
2018;Prefeitura Municipal de Tuparetama - PE;2615904;PE;DCA-Anexo I-C;Padrão;Receitas Brutas Realizadas;RO7.2.1.0.04.0.0;7.2.1.0.04.0.0 - Contribuição para o Regime Próprio de Previdência Social - RPPS - Intraorçamentárias;2131858,62;8159
2018;Prefeitura Municipal de Tuparetama - PE;2615904;PE;DCA-Anexo I-C;Padrão;Receitas Brutas Realizadas;RO7.2.1.0.04.1.0;7.2.1.0.04.1.0 - Contribuição Patronal de Servidor Ativo Civil para o RPPS - Intraorçamentárias;2106923,33;8159
2018;Prefeitura Municipal de Tuparetama - PE;2615904;PE;DCA-Anexo I-C;Padrão;Receitas Brutas Realizadas;RO7.2.1.0.04.4.0;7.2.1.0.04.4.0 - Contribuição do Pensionista para o RPPS - Intraorçamentárias;24935,29;8159
2019;Prefeitura Municipal de Tuparetama - PE;2615904;PE;DCA-Anexo I-C;Padrão;Receitas Brutas Realizadas;ReceitasExcetoIntraOrcamentarias;RECEITAS (EXCETO INTRA-ORÇAMENTÁRIAS) (I);27823223,66;8192
2019;Prefeitura Municipal de Tuparetama - PE;2615904;PE;DCA-Anexo I-C;Padrão;Deduções - FUNDEB;ReceitasExcetoIntraOrcamentarias;RECEITAS (EXCETO INTRA-ORÇAMENTÁRIAS) (I);2741044,03;8192
2019;Prefeitura Municipal de Tuparetama - PE;2615904;PE;DCA-Anexo I-C;Padrão;Receitas Brutas Realizadas;RO1.0.0.0.00.0.0;1.0.0.0.00.0.0 - Receitas Correntes;26115447,21;8192
2019;Prefeitura Municipal de Tuparetama - PE;2615904;PE;DCA-Anexo I-C;Padrão;Deduções - FUNDEB;RO1.0.0.0.00.0.0;1.0.0.0.00.0.0 - Receitas Correntes;2741044,03;8192
2019;Prefeitura Municipal de Tuparetama - PE;2615904;PE;DCA-Anexo I-C;Padrão;Receitas Brutas Realizadas;RO1.1.0.0.00.0.0;1.1.0.0.00.0.0 - Impostos, Taxas e Contribuições de Melhoria;935637,92;8192
2019;Prefeitura Municipal de Tuparetama - PE;2615904;PE;DCA-Anexo I-C;Padrão;Receitas Brutas Realizadas;RO1.1.1.0.00.0.0;1.1.1.0.00.0.0 - Impostos;778993,00;8192
2019;Prefeitura Municipal de Tuparetama - PE;2615904;PE;DCA-Anexo I-C;Padrão;Receitas Brutas Realizadas;RO1.1.1.3.00.0.0;1.1.1.3.00.0.0 - Impostos sobre a Renda e Proventos de Qualquer Natureza;267108,05;8192
2019;Prefeitura Municipal de Tuparetama - PE;2615904;PE;DCA-Anexo I-C;Padrão;Receitas Brutas Realizadas;RO1.1.1.3.03.0.0;1.1.1.3.03.0.0 - Imposto sobre a Renda - Retido na Fonte;267108,05;8192
2019;Prefeitura Municipal de Tuparetama - PE;2615904;PE;DCA-Anexo I-C;Padrão;Receitas Brutas Realizadas;RO1.1.1.3.03.1.0;1.1.1.3.03.1.0 - Imposto sobre a Renda - Retido na Fonte - Trabalho;266946,58;8192
2019;Prefeitura Municipal de Tuparetama - PE;2615904;PE;DCA-Anexo I-C;Padrão;Receitas Brutas Realizadas;RO1.1.1.3.03.4.0;1.1.1.3.03.4.0 - Imposto sobre a Renda - Retido na Fonte - Outros Rendimentos;161,47;8192
2019;Prefeitura Municipal de Tuparetama - PE;2615904;PE;DCA-Anexo I-C;Padrão;Receitas Brutas Realizadas;RO1.1.1.8.00.0.0;1.1.1.8.00.0.0 Impostos Específicos de Estados, DF e Municípios;511884,95;8192
2019;Prefeitura Municipal de Tuparetama - PE;2615904;PE;DCA-Anexo I-C;Padrão;Receitas Brutas Realizadas;RO1.1.1.8.01.0.0;1.1.1.8.01.0.0 Impostos sobre o Patrimônio para Estados/DF/Municípios;187387,48;8192
2019;Prefeitura Municipal de Tuparetama - PE;2615904;PE;DCA-Anexo I-C;Padrão;Receitas Brutas Realizadas;RO1.1.1.8.01.1.0;1.1.1.8.01.1.0 Imposto sobre a Propriedade Predial e Territorial Urbana;154206,68;8192
2019;Prefeitura Municipal de Tuparetama - PE;2615904;PE;DCA-Anexo I-C;Padrão;Receitas Brutas Realizadas;RO1.1.1.8.01.4.0;1.1.1.8.01.4.0 Imposto sobre Transmissão ¿Inter Vivos¿ de Bens Imóveis e de Direitos Reais sobre Imóveis;33180,80;8192
2019;Prefeitura Municipal de Tuparetama - PE;2615904;PE;DCA-Anexo I-C;Padrão;Receitas Brutas Realizadas;RO1.1.1.8.02.0.0;1.1.1.8.02.0.0 Impostos sobre a Produção, Circulação de Mercadorias e Serviços;324497,47;8192
2019;Prefeitura Municipal de Tuparetama - PE;2615904;PE;DCA-Anexo I-C;Padrão;Receitas Brutas Realizadas;RO1.1.1.8.02.3.0;1.1.1.8.02.3.0 Imposto sobre Serviços de Qualquer Natureza;324497,47;8192
2019;Prefeitura Municipal de Tuparetama - PE;2615904;PE;DCA-Anexo I-C;Padrão;Receitas Brutas Realizadas;RO1.1.2.0.00.0.0;1.1.2.0.00.0.0 - Taxas;105424,65;8192
2019;Prefeitura Municipal de Tuparetama - PE;2615904;PE;DCA-Anexo I-C;Padrão;Receitas Brutas Realizadas;RO1.1.2.2.00.0.0;1.1.2.2.00.0.0 - Taxas pela Prestação de Serviços;41366,52;8192
2019;Prefeitura Municipal de Tuparetama - PE;2615904;PE;DCA-Anexo I-C;Padrão;Receitas Brutas Realizadas;RO1.1.2.2.01.0.0;1.1.2.2.01.0.0 - Taxas pela Prestação de Serviços;41366,52;8192
2019;Prefeitura Municipal de Tuparetama - PE;2615904;PE;DCA-Anexo I-C;Padrão;Receitas Brutas Realizadas;RO1.1.2.8.00.0.0;1.1.2.8.00.0.0 - Taxas - Específicas de Estados, DF e Municípios;64058,13;8192
2019;Prefeitura Municipal de Tuparetama - PE;2615904;PE;DCA-Anexo I-C;Padrão;Receitas Brutas Realizadas;RO1.1.2.8.01.0.0;1.1.2.8.01.0.0 - Taxas de Inspeção, Controle e Fiscalização;64058,13;8192
2019;Prefeitura Municipal de Tuparetama - PE;2615904;PE;DCA-Anexo I-C;Padrão;Receitas Brutas Realizadas;RO1.1.2.8.01.9.0;1.1.2.8.01.9.0 - Taxas de Inspeção, Controle e Fiscalização - Outras;64058,13;8192
2019;Prefeitura Municipal de Tuparetama - PE;2615904;PE;DCA-Anexo I-C;Padrão;Receitas Brutas Realizadas;RO1.1.3.0.00.0.0;1.1.3.0.00.0.0 - Contribuição de Melhoria;51220,27;8192
2019;Prefeitura Municipal de Tuparetama - PE;2615904;PE;DCA-Anexo I-C;Padrão;Receitas Brutas Realizadas;RO1.1.3.8.00.0.0;1.1.3.8.00.0.0 - Contribuição de Melhoria - Específica de Estados, DF e Municípios;51220,27;8192
2019;Prefeitura Municipal de Tuparetama - PE;2615904;PE;DCA-Anexo I-C;Padrão;Receitas Brutas Realizadas;RO1.1.3.8.02.0.0;1.1.3.8.02.0.0 - Contribuição de Melhoria para Expansão da Rede de Iluminação Pública na Cidade;51220,27;8192
2019;Prefeitura Municipal de Tuparetama - PE;2615904;PE;DCA-Anexo I-C;Padrão;Receitas Brutas Realizadas;RO1.3.0.0.00.0.0;1.3.0.0.00.0.0 - Receita Patrimonial;1354,25;8192
2019;Prefeitura Municipal de Tuparetama - PE;2615904;PE;DCA-Anexo I-C;Padrão;Receitas Brutas Realizadas;RO1.3.2.0.00.0.0;1.3.2.0.00.0.0 - Valores Mobiliários;1354,25;8192
2019;Prefeitura Municipal de Tuparetama - PE;2615904;PE;DCA-Anexo I-C;Padrão;Receitas Brutas Realizadas;RO1.3.2.1.00.0.0;1.3.2.1.00.0.0 - Juros e Correções Monetárias;1354,25;8192
2019;Prefeitura Municipal de Tuparetama - PE;2615904;PE;DCA-Anexo I-C;Padrão;Receitas Brutas Realizadas;RO1.3.2.1.00.1.0;1.3.2.1.00.1.0 - Remuneração de Depósitos Bancários;1354,25;8192
2019;Prefeitura Municipal de Tuparetama - PE;2615904;PE;DCA-Anexo I-C;Padrão;Receitas Brutas Realizadas;RO1.7.0.0.00.0.0;1.7.0.0.00.0.0 - Transferências Correntes;25177255,02;8192
2019;Prefeitura Municipal de Tuparetama - PE;2615904;PE;DCA-Anexo I-C;Padrão;Deduções - FUNDEB;RO1.7.0.0.00.0.0;1.7.0.0.00.0.0 - Transferências Correntes;2741044,03;8192
2019;Prefeitura Municipal de Tuparetama - PE;2615904;PE;DCA-Anexo I-C;Padrão;Receitas Brutas Realizadas;RO1.7.1.0.00.0.0;1.7.1.0.00.0.0 - Transferências da União e de suas Entidades;14834006,63;8192
2019;Prefeitura Municipal de Tuparetama - PE;2615904;PE;DCA-Anexo I-C;Padrão;Deduções - FUNDEB;RO1.7.1.0.00.0.0;1.7.1.0.00.0.0 - Transferências da União e de suas Entidades;1838507,10;8192
2019;Prefeitura Municipal de Tuparetama - PE;2615904;PE;DCA-Anexo I-C;Padrão;Receitas Brutas Realizadas;RO1.7.1.8.00.0.0;1.7.1.8.00.0.0 Transferências da União - Específicas de Estados, DF e Municípios;14834006,63;8192
2019;Prefeitura Municipal de Tuparetama - PE;2615904;PE;DCA-Anexo I-C;Padrão;Deduções - FUNDEB;RO1.7.1.8.00.0.0;1.7.1.8.00.0.0 Transferências da União - Específicas de Estados, DF e Municípios;1838507,10;8192
2019;Prefeitura Municipal de Tuparetama - PE;2615904;PE;DCA-Anexo I-C;Padrão;Receitas Brutas Realizadas;RO1.7.1.8.01.0.0;1.7.1.8.01.0.0 Participação na Receita da União;9988424,25;8192
2019;Prefeitura Municipal de Tuparetama - PE;2615904;PE;DCA-Anexo I-C;Padrão;Deduções - FUNDEB;RO1.7.1.8.01.0.0;1.7.1.8.01.0.0 Participação na Receita da União;1838503,39;8192
2019;Prefeitura Municipal de Tuparetama - PE;2615904;PE;DCA-Anexo I-C;Padrão;Receitas Brutas Realizadas;RO1.7.1.8.01.2.0;1.7.1.8.01.2.0 Cota-Parte do Fundo de Participação dos Municípios - Cota Mensal;9190718,21;8192
2019;Prefeitura Municipal de Tuparetama - PE;2615904;PE;DCA-Anexo I-C;Padrão;Deduções - FUNDEB;RO1.7.1.8.01.2.0;1.7.1.8.01.2.0 Cota-Parte do Fundo de Participação dos Municípios - Cota Mensal;1838205,82;8192
2019;Prefeitura Municipal de Tuparetama - PE;2615904;PE;DCA-Anexo I-C;Padrão;Receitas Brutas Realizadas;RO1.7.1.8.01.3.0;1.7.1.8.01.3.0 Cota-Parte do Fundo de Participação do Municípios ¿ 1% Cota entregue no mês de dezembro;405601,52;8192
2019;Prefeitura Municipal de Tuparetama - PE;2615904;PE;DCA-Anexo I-C;Padrão;Receitas Brutas Realizadas;RO1.7.1.8.01.4.0;1.7.1.8.01.4.0 Cota-Parte do Fundo de Participação dos Municípios - 1% Cota entregue no mês de julho;390616,44;8192
2019;Prefeitura Municipal de Tuparetama - PE;2615904;PE;DCA-Anexo I-C;Padrão;Receitas Brutas Realizadas;RO1.7.1.8.01.5.0;1.7.1.8.01.5.0 Cota-Parte do Imposto Sobre a Propriedade Territorial Rural;1488,08;8192
2019;Prefeitura Municipal de Tuparetama - PE;2615904;PE;DCA-Anexo I-C;Padrão;Deduções - FUNDEB;RO1.7.1.8.01.5.0;1.7.1.8.01.5.0 Cota-Parte do Imposto Sobre a Propriedade Territorial Rural;297,57;8192
2019;Prefeitura Municipal de Tuparetama - PE;2615904;PE;DCA-Anexo I-C;Padrão;Receitas Brutas Realizadas;RO1.7.1.8.02.0.0;1.7.1.8.02.0.0 Transferência da Compensação Financeira pela Exploração de Recursos Naturais;141609,06;8192
2019;Prefeitura Municipal de Tuparetama - PE;2615904;PE;DCA-Anexo I-C;Padrão;Receitas Brutas Realizadas;RO1.7.1.8.02.6.0;1.7.1.8.02.6.0 Cota-Parte do Fundo Especial do Petróleo ¿ FEP;141609,06;8192
2019;Prefeitura Municipal de Tuparetama - PE;2615904;PE;DCA-Anexo I-C;Padrão;Receitas Brutas Realizadas;RO1.7.1.8.03.0.0;"1.7.1.8.03.0.0 Transferência de Recursos do Sistema Único de Saúde ¿ 
 SUS ¿ Bloco Custeio das Ações e Serviços Públicos de Saúde";2914723,61;8192
2019;Prefeitura Municipal de Tuparetama - PE;2615904;PE;DCA-Anexo I-C;Padrão;Receitas Brutas Realizadas;RO1.7.1.8.03.1.0;1.7.1.8.03.1.0 - Transferência de Recursos do SUS ¿ Atenção Básica;2082679,07;8192
2019;Prefeitura Municipal de Tuparetama - PE;2615904;PE;DCA-Anexo I-C;Padrão;Receitas Brutas Realizadas;RO1.7.1.8.03.2.0;1.7.1.8.03.2.0 - Transferência de Recursos do SUS ¿ Atenção de Média e Alta Complexidade Ambulatorial e Hospitalar;473431,15;8192
2019;Prefeitura Municipal de Tuparetama - PE;2615904;PE;DCA-Anexo I-C;Padrão;Receitas Brutas Realizadas;RO1.7.1.8.03.3.0;1.7.1.8.03.3.0 - Transferência de Recursos do SUS ¿ Vigilância em Saúde;118158,60;8192
2019;Prefeitura Municipal de Tuparetama - PE;2615904;PE;DCA-Anexo I-C;Padrão;Receitas Brutas Realizadas;RO1.7.1.8.03.4.0;1.7.1.8.03.4.0 - Transferência de Recursos do SUS ¿ Assistência Farmacêutica;60454,79;8192
2019;Prefeitura Municipal de Tuparetama - PE;2615904;PE;DCA-Anexo I-C;Padrão;Receitas Brutas Realizadas;RO1.7.1.8.03.9.0;1.7.1.8.03.9.0 - Transferência de Recursos do SUS ¿ Outros Programas Financiados por Transferências Fundo a Fundo;180000,00;8192
2019;Prefeitura Municipal de Tuparetama - PE;2615904;PE;DCA-Anexo I-C;Padrão;Receitas Brutas Realizadas;RO1.7.1.8.05.0.0;1.7.1.8.05.0.0 Transferências de Recursos do Fundo Nacional do Desenvolvimento da Educação ¿ FNDE;547022,14;8192
2019;Prefeitura Municipal de Tuparetama - PE;2615904;PE;DCA-Anexo I-C;Padrão;Receitas Brutas Realizadas;RO1.7.1.8.05.1.0;1.7.1.8.05.1.0 Transferências do Salário-Educação;311661,02;8192
2019;Prefeitura Municipal de Tuparetama - PE;2615904;PE;DCA-Anexo I-C;Padrão;Receitas Brutas Realizadas;RO1.7.1.8.05.3.0;1.7.1.8.05.3.0 Transferências Diretas do FNDE referentes ao Programa Nacional de Alimentação Escolar ¿ PNAE;150478,00;8192
2019;Prefeitura Municipal de Tuparetama - PE;2615904;PE;DCA-Anexo I-C;Padrão;Receitas Brutas Realizadas;RO1.7.1.8.05.4.0;1.7.1.8.05.4.0 Transferências Diretas do FNDE referentes ao Programa Nacional de Apoio ao Transporte do Escolar ¿ PNATE;84883,12;8192
2019;Prefeitura Municipal de Tuparetama - PE;2615904;PE;DCA-Anexo I-C;Padrão;Receitas Brutas Realizadas;RO1.7.1.8.06.0.0;1.7.1.8.06.0.0 Transferência Financeira do ICMS ¿ Desoneração ¿ L.C. Nº 87/96;18,57;8192
2019;Prefeitura Municipal de Tuparetama - PE;2615904;PE;DCA-Anexo I-C;Padrão;Deduções - FUNDEB;RO1.7.1.8.06.0.0;1.7.1.8.06.0.0 Transferência Financeira do ICMS ¿ Desoneração ¿ L.C. Nº 87/96;3,71;8192
2019;Prefeitura Municipal de Tuparetama - PE;2615904;PE;DCA-Anexo I-C;Padrão;Receitas Brutas Realizadas;RO1.7.1.8.09.0.0;1.7.1.8.09.0.0 - Transferências de Recursos de Complementação da União ao Fundo de Manutenção e Desenvolvimento da Educação Básica e de Valorização dos Profissionais da Educação ¿ FUNDEB;441468,35;8192
2019;Prefeitura Municipal de Tuparetama - PE;2615904;PE;DCA-Anexo I-C;Padrão;Receitas Brutas Realizadas;RO1.7.1.8.12.0.0;1.7.1.8.12.0.0 - Transferências de Recursos do Fundo Nacional de Assistência Social ¿ FNAS;320172,59;8192
2019;Prefeitura Municipal de Tuparetama - PE;2615904;PE;DCA-Anexo I-C;Padrão;Receitas Brutas Realizadas;RO1.7.1.8.99.0.0;1.7.1.8.99.0.0 Outras Transferências da União;480568,06;8192
2019;Prefeitura Municipal de Tuparetama - PE;2615904;PE;DCA-Anexo I-C;Padrão;Receitas Brutas Realizadas;RO1.7.2.0.00.0.0;1.7.2.0.00.0.0 - Transferências dos Estados e do Distrito Federal e de suas Entidades;4656401,17;8192
2019;Prefeitura Municipal de Tuparetama - PE;2615904;PE;DCA-Anexo I-C;Padrão;Deduções - FUNDEB;RO1.7.2.0.00.0.0;1.7.2.0.00.0.0 - Transferências dos Estados e do Distrito Federal e de suas Entidades;902536,93;8192
2019;Prefeitura Municipal de Tuparetama - PE;2615904;PE;DCA-Anexo I-C;Padrão;Receitas Brutas Realizadas;RO1.7.2.8.00.0.0;1.7.2.8.00.0.0 Transferências dos Estados - Específicas de Estados, DF e Municípios;4656401,17;8192
2019;Prefeitura Municipal de Tuparetama - PE;2615904;PE;DCA-Anexo I-C;Padrão;Deduções - FUNDEB;RO1.7.2.8.00.0.0;1.7.2.8.00.0.0 Transferências dos Estados - Específicas de Estados, DF e Municípios;902536,93;8192
2019;Prefeitura Municipal de Tuparetama - PE;2615904;PE;DCA-Anexo I-C;Padrão;Receitas Brutas Realizadas;RO1.7.2.8.01.0.0;1.7.2.8.01.0.0 Participação na Receita dos Estados;4523004,65;8192
2019;Prefeitura Municipal de Tuparetama - PE;2615904;PE;DCA-Anexo I-C;Padrão;Deduções - FUNDEB;RO1.7.2.8.01.0.0;1.7.2.8.01.0.0 Participação na Receita dos Estados;902536,93;8192
2019;Prefeitura Municipal de Tuparetama - PE;2615904;PE;DCA-Anexo I-C;Padrão;Receitas Brutas Realizadas;RO1.7.2.8.01.1.0;1.7.2.8.01.1.0 Cota-Parte do ICMS;4118288,14;8192
2019;Prefeitura Municipal de Tuparetama - PE;2615904;PE;DCA-Anexo I-C;Padrão;Deduções - FUNDEB;RO1.7.2.8.01.1.0;1.7.2.8.01.1.0 Cota-Parte do ICMS;823681,30;8192
2019;Prefeitura Municipal de Tuparetama - PE;2615904;PE;DCA-Anexo I-C;Padrão;Receitas Brutas Realizadas;RO1.7.2.8.01.2.0;1.7.2.8.01.2.0 Cota-Parte do IPVA;380376,67;8192
2019;Prefeitura Municipal de Tuparetama - PE;2615904;PE;DCA-Anexo I-C;Padrão;Deduções - FUNDEB;RO1.7.2.8.01.2.0;1.7.2.8.01.2.0 Cota-Parte do IPVA;75989,82;8192
2019;Prefeitura Municipal de Tuparetama - PE;2615904;PE;DCA-Anexo I-C;Padrão;Receitas Brutas Realizadas;RO1.7.2.8.01.3.0;1.7.2.8.01.3.0 Cota-Parte do IPI - Municípios;14328,94;8192
2019;Prefeitura Municipal de Tuparetama - PE;2615904;PE;DCA-Anexo I-C;Padrão;Deduções - FUNDEB;RO1.7.2.8.01.3.0;1.7.2.8.01.3.0 Cota-Parte do IPI - Municípios;2865,81;8192
2019;Prefeitura Municipal de Tuparetama - PE;2615904;PE;DCA-Anexo I-C;Padrão;Receitas Brutas Realizadas;RO1.7.2.8.01.4.0;1.7.2.8.01.4.0 Cota-Parte da Contribuição de Intervenção no Domínio Econômico;10010,90;8192
2019;Prefeitura Municipal de Tuparetama - PE;2615904;PE;DCA-Anexo I-C;Padrão;Receitas Brutas Realizadas;RO1.7.2.8.10.0.0;1.7.2.8.10.0.0 Transferência de Convênios dos Estados e do Distrito Federal e de Suas Entidades;18080,12;8192
2019;Prefeitura Municipal de Tuparetama - PE;2615904;PE;DCA-Anexo I-C;Padrão;Receitas Brutas Realizadas;RO1.7.2.8.10.2.0;1.7.2.8.10.2.0 Transferências de Convênio dos Estados Destinadas a Programas de Educação;18080,12;8192
2019;Prefeitura Municipal de Tuparetama - PE;2615904;PE;DCA-Anexo I-C;Padrão;Receitas Brutas Realizadas;RO1.7.2.8.99.0.0;1.7.2.8.99.0.0 Outras Transferências dos Estados;115316,40;8192
2019;Prefeitura Municipal de Tuparetama - PE;2615904;PE;DCA-Anexo I-C;Padrão;Receitas Brutas Realizadas;RO1.7.5.0.00.0.0;1.7.5.0.00.0.0 - Transferências de Outras Instituições Públicas;5686847,22;8192
2019;Prefeitura Municipal de Tuparetama - PE;2615904;PE;DCA-Anexo I-C;Padrão;Receitas Brutas Realizadas;RO1.7.5.8.00.0.0;1.7.5.8.00.0.0 Transferências de Outras Instituições Públicas - Específicas de Estados, DF e Municípios;5686847,22;8192
2019;Prefeitura Municipal de Tuparetama - PE;2615904;PE;DCA-Anexo I-C;Padrão;Receitas Brutas Realizadas;RO1.7.5.8.01.0.0;1.7.5.8.01.0.0 Transferências de Recursos do Fundo de Manutenção e Desenvolvimento da Educação Básica e de Valorização dos Profissionais da Educação ¿ FUNDEB;5686847,22;8192
2019;Prefeitura Municipal de Tuparetama - PE;2615904;PE;DCA-Anexo I-C;Padrão;Receitas Brutas Realizadas;RO1.9.0.0.00.0.0;1.9.0.0.00.0.0 - Outras Receitas Correntes;1200,02;8192
2019;Prefeitura Municipal de Tuparetama - PE;2615904;PE;DCA-Anexo I-C;Padrão;Receitas Brutas Realizadas;RO1.9.2.0.00.0.0;1.9.2.0.00.0.0 - Indenizações, Restituições e Ressarcimentos;1200,02;8192
2019;Prefeitura Municipal de Tuparetama - PE;2615904;PE;DCA-Anexo I-C;Padrão;Receitas Brutas Realizadas;RO1.9.2.8.00.0.0;1.9.2.8.00.0.0 - Indenizações, Restituições e Ressarcimentos - Específicas para Estados/DF/Municípios;1200,02;8192
2019;Prefeitura Municipal de Tuparetama - PE;2615904;PE;DCA-Anexo I-C;Padrão;Receitas Brutas Realizadas;RO1.9.2.8.02.0.0;1.9.2.8.02.0.0 - Restituições - Específicas para Estados/DF/Municípios;1200,02;8192
2019;Prefeitura Municipal de Tuparetama - PE;2615904;PE;DCA-Anexo I-C;Padrão;Receitas Brutas Realizadas;RO1.9.2.8.02.9.0;1.9.2.8.02.9.0 - Outras Restituições - Específicas para Estados/DF/Municípios - Não Especificadas Anteriormente;1200,02;8192
2019;Prefeitura Municipal de Tuparetama - PE;2615904;PE;DCA-Anexo I-C;Padrão;Receitas Brutas Realizadas;RO2.0.0.0.00.0.0;2.0.0.0.00.0.0 - Receitas de Capital;1707776,45;8192
2019;Prefeitura Municipal de Tuparetama - PE;2615904;PE;DCA-Anexo I-C;Padrão;Receitas Brutas Realizadas;RO2.4.0.0.00.0.0;2.4.0.0.00.0.0 - Transferências de Capital;1707776,45;8192
2019;Prefeitura Municipal de Tuparetama - PE;2615904;PE;DCA-Anexo I-C;Padrão;Receitas Brutas Realizadas;RO2.4.1.0.00.0.0;2.4.1.0.00.0.0 - Transferências da União e de suas Entidades;1707776,45;8192
2019;Prefeitura Municipal de Tuparetama - PE;2615904;PE;DCA-Anexo I-C;Padrão;Receitas Brutas Realizadas;RO2.4.1.8.00.0.0;2.4.1.8.00.0.0 Transferências da União - Específicas de Estados, DF e Municípios;1707776,45;8192
2019;Prefeitura Municipal de Tuparetama - PE;2615904;PE;DCA-Anexo I-C;Padrão;Receitas Brutas Realizadas;RO2.4.1.8.03.0.0;2.4.1.8.03.0.0 Transferências de Recursos do Sistema Único de Saúde ¿ SUS;59940,00;8192
2019;Prefeitura Municipal de Tuparetama - PE;2615904;PE;DCA-Anexo I-C;Padrão;Receitas Brutas Realizadas;RO2.4.1.8.03.1.0;2.4.1.8.03.1.0 - Transferência de Recursos do SUS ¿ Atenção Básica;59940,00;8192
2019;Prefeitura Municipal de Tuparetama - PE;2615904;PE;DCA-Anexo I-C;Padrão;Receitas Brutas Realizadas;RO2.4.1.8.10.0.0;2.4.1.8.10.0.0 Transferência de Convênios da União e de suas Entidades;1647836,45;8192
2019;Prefeitura Municipal de Tuparetama - PE;2615904;PE;DCA-Anexo I-C;Padrão;Receitas Brutas Realizadas;RO2.4.1.8.10.2.0;2.4.1.8.10.2.0 - Transferências de Convênio da União destinadas a Programas de Educação;1407981,49;8192
2019;Prefeitura Municipal de Tuparetama - PE;2615904;PE;DCA-Anexo I-C;Padrão;Receitas Brutas Realizadas;RO2.4.1.8.10.9.0;2.4.1.8.10.9.0 - Outras Transferências de Convênios da União;239854,96;8192
2019;Prefeitura Municipal de Tuparetama - PE;2615904;PE;DCA-Anexo I-C;Padrão;Receitas Brutas Realizadas;TotalReceitas;TOTAL DAS RECEITAS (III) = (I + II);27823223,66;8192
2019;Prefeitura Municipal de Tuparetama - PE;2615904;PE;DCA-Anexo I-C;Padrão;Deduções - FUNDEB;TotalReceitas;TOTAL DAS RECEITAS (III) = (I + II);2741044,03;8192
2020;Prefeitura Municipal de Tuparetama - PE;2615904;PE;DCA-Anexo I-C;Padrão;Receitas Brutas Realizadas;ReceitasExcetoIntraOrcamentarias;RECEITAS (EXCETO INTRA-ORÇAMENTÁRIAS) (I);31637688,29;8202
2020;Prefeitura Municipal de Tuparetama - PE;2615904;PE;DCA-Anexo I-C;Padrão;Deduções - FUNDEB;ReceitasExcetoIntraOrcamentarias;RECEITAS (EXCETO INTRA-ORÇAMENTÁRIAS) (I);2662684,20;8202
2020;Prefeitura Municipal de Tuparetama - PE;2615904;PE;DCA-Anexo I-C;Padrão;Receitas Brutas Realizadas;RO1.0.0.0.00.0.0;1.0.0.0.00.0.0 - Receitas Correntes;29978458,57;8202
2020;Prefeitura Municipal de Tuparetama - PE;2615904;PE;DCA-Anexo I-C;Padrão;Deduções - FUNDEB;RO1.0.0.0.00.0.0;1.0.0.0.00.0.0 - Receitas Correntes;2662684,20;8202
2020;Prefeitura Municipal de Tuparetama - PE;2615904;PE;DCA-Anexo I-C;Padrão;Receitas Brutas Realizadas;RO1.1.0.0.00.0.0;1.1.0.0.00.0.0 - Impostos, Taxas e Contribuições de Melhoria;997419,33;8202
2020;Prefeitura Municipal de Tuparetama - PE;2615904;PE;DCA-Anexo I-C;Padrão;Receitas Brutas Realizadas;RO1.1.1.0.00.0.0;1.1.1.0.00.0.0 - Impostos;873304,18;8202
2020;Prefeitura Municipal de Tuparetama - PE;2615904;PE;DCA-Anexo I-C;Padrão;Receitas Brutas Realizadas;RO1.1.1.3.00.0.0;1.1.1.3.00.0.0 - Impostos sobre a Renda e Proventos de Qualquer Natureza;387504,68;8202
2020;Prefeitura Municipal de Tuparetama - PE;2615904;PE;DCA-Anexo I-C;Padrão;Receitas Brutas Realizadas;RO1.1.1.3.03.0.0;1.1.1.3.03.0.0 - Imposto sobre a Renda - Retido na Fonte;387504,68;8202
2020;Prefeitura Municipal de Tuparetama - PE;2615904;PE;DCA-Anexo I-C;Padrão;Receitas Brutas Realizadas;RO1.1.1.3.03.1.0;1.1.1.3.03.1.0 - Imposto sobre a Renda - Retido na Fonte - Trabalho;387502,47;8202
2020;Prefeitura Municipal de Tuparetama - PE;2615904;PE;DCA-Anexo I-C;Padrão;Receitas Brutas Realizadas;RO1.1.1.3.03.2.0;1.1.1.3.03.2.0 - Imposto sobre a Renda - Retido na Fonte - Capital;2,21;8202
2020;Prefeitura Municipal de Tuparetama - PE;2615904;PE;DCA-Anexo I-C;Padrão;Receitas Brutas Realizadas;RO1.1.1.8.00.0.0;1.1.1.8.00.0.0 Impostos Específicos de Estados, DF e Municípios;485799,50;8202
2020;Prefeitura Municipal de Tuparetama - PE;2615904;PE;DCA-Anexo I-C;Padrão;Receitas Brutas Realizadas;RO1.1.1.8.01.0.0;1.1.1.8.01.0.0 Impostos sobre o Patrimônio para Estados/DF/Municípios;215401,19;8202
2020;Prefeitura Municipal de Tuparetama - PE;2615904;PE;DCA-Anexo I-C;Padrão;Receitas Brutas Realizadas;RO1.1.1.8.01.1.0;1.1.1.8.01.1.0 Imposto sobre a Propriedade Predial e Territorial Urbana;158137,73;8202
2020;Prefeitura Municipal de Tuparetama - PE;2615904;PE;DCA-Anexo I-C;Padrão;Receitas Brutas Realizadas;RO1.1.1.8.01.4.0;1.1.1.8.01.4.0 Imposto sobre Transmissão ¿Inter Vivos¿ de Bens Imóveis e de Direitos Reais sobre Imóveis;57263,46;8202
2020;Prefeitura Municipal de Tuparetama - PE;2615904;PE;DCA-Anexo I-C;Padrão;Receitas Brutas Realizadas;RO1.1.1.8.02.0.0;1.1.1.8.02.0.0 Impostos sobre a Produção, Circulação de Mercadorias e Serviços;270398,31;8202
2020;Prefeitura Municipal de Tuparetama - PE;2615904;PE;DCA-Anexo I-C;Padrão;Receitas Brutas Realizadas;RO1.1.1.8.02.3.0;1.1.1.8.02.3.0 Imposto sobre Serviços de Qualquer Natureza;270398,31;8202
2020;Prefeitura Municipal de Tuparetama - PE;2615904;PE;DCA-Anexo I-C;Padrão;Receitas Brutas Realizadas;RO1.1.2.0.00.0.0;1.1.2.0.00.0.0 - Taxas;70296,78;8202
2020;Prefeitura Municipal de Tuparetama - PE;2615904;PE;DCA-Anexo I-C;Padrão;Receitas Brutas Realizadas;RO1.1.2.2.00.0.0;1.1.2.2.00.0.0 - Taxas pela Prestação de Serviços;26452,98;8202
2020;Prefeitura Municipal de Tuparetama - PE;2615904;PE;DCA-Anexo I-C;Padrão;Receitas Brutas Realizadas;RO1.1.2.2.01.0.0;1.1.2.2.01.0.0 - Taxas pela Prestação de Serviços;26452,98;8202
2020;Prefeitura Municipal de Tuparetama - PE;2615904;PE;DCA-Anexo I-C;Padrão;Receitas Brutas Realizadas;RO1.1.2.8.00.0.0;1.1.2.8.00.0.0 - Taxas - Específicas de Estados, DF e Municípios;43843,80;8202
2020;Prefeitura Municipal de Tuparetama - PE;2615904;PE;DCA-Anexo I-C;Padrão;Receitas Brutas Realizadas;RO1.1.2.8.01.0.0;1.1.2.8.01.0.0 - Taxas de Inspeção, Controle e Fiscalização;43843,80;8202
2020;Prefeitura Municipal de Tuparetama - PE;2615904;PE;DCA-Anexo I-C;Padrão;Receitas Brutas Realizadas;RO1.1.2.8.01.9.0;1.1.2.8.01.9.0 - Taxas de Inspeção, Controle e Fiscalização - Outras;43843,80;8202
2020;Prefeitura Municipal de Tuparetama - PE;2615904;PE;DCA-Anexo I-C;Padrão;Receitas Brutas Realizadas;RO1.1.3.0.00.0.0;1.1.3.0.00.0.0 - Contribuição de Melhoria;53818,37;8202
2020;Prefeitura Municipal de Tuparetama - PE;2615904;PE;DCA-Anexo I-C;Padrão;Receitas Brutas Realizadas;RO1.1.3.8.00.0.0;1.1.3.8.00.0.0 - Contribuição de Melhoria - Específica de Estados, DF e Municípios;53818,37;8202
2020;Prefeitura Municipal de Tuparetama - PE;2615904;PE;DCA-Anexo I-C;Padrão;Receitas Brutas Realizadas;RO1.1.3.8.02.0.0;1.1.3.8.02.0.0 - Contribuição de Melhoria para Expansão da Rede de Iluminação Pública na Cidade;53818,37;8202
2020;Prefeitura Municipal de Tuparetama - PE;2615904;PE;DCA-Anexo I-C;Padrão;Receitas Brutas Realizadas;RO1.2.0.0.00.0.0;1.2.0.0.00.0.0 - Contribuições;672836,33;8202
2020;Prefeitura Municipal de Tuparetama - PE;2615904;PE;DCA-Anexo I-C;Padrão;Receitas Brutas Realizadas;RO1.2.1.0.00.0.0;1.2.1.0.00.0.0 - Contribuições Sociais;672836,33;8202
2020;Prefeitura Municipal de Tuparetama - PE;2615904;PE;DCA-Anexo I-C;Padrão;Receitas Brutas Realizadas;RO1.2.1.8.00.0.0;1.2.1.8.00.0.0 Contribuições Sociais Específicas de Estados, DF e Municípios;672836,33;8202
2020;Prefeitura Municipal de Tuparetama - PE;2615904;PE;DCA-Anexo I-C;Padrão;Receitas Brutas Realizadas;RO1.2.1.8.01.0.0;1.2.1.8.01.0.0 - Contribuição do Servidor Civil para o Plano de Seguridade Social - CPSSS - Específico de EST/DF/MUN;672836,33;8202
2020;Prefeitura Municipal de Tuparetama - PE;2615904;PE;DCA-Anexo I-C;Padrão;Receitas Brutas Realizadas;RO1.2.1.8.01.1.0;1.2.1.8.01.1.0 - CPSSS do Servidor Civil Ativo;672836,33;8202
2020;Prefeitura Municipal de Tuparetama - PE;2615904;PE;DCA-Anexo I-C;Padrão;Receitas Brutas Realizadas;RO1.3.0.0.00.0.0;1.3.0.0.00.0.0 - Receita Patrimonial;10733,39;8202
2020;Prefeitura Municipal de Tuparetama - PE;2615904;PE;DCA-Anexo I-C;Padrão;Receitas Brutas Realizadas;RO1.3.2.0.00.0.0;1.3.2.0.00.0.0 - Valores Mobiliários;10733,39;8202
2020;Prefeitura Municipal de Tuparetama - PE;2615904;PE;DCA-Anexo I-C;Padrão;Receitas Brutas Realizadas;RO1.3.2.1.00.0.0;1.3.2.1.00.0.0 - Juros e Correções Monetárias;10733,39;8202
2020;Prefeitura Municipal de Tuparetama - PE;2615904;PE;DCA-Anexo I-C;Padrão;Receitas Brutas Realizadas;RO1.3.2.1.00.1.0;1.3.2.1.00.1.0 - Remuneração de Depósitos Bancários;2638,65;8202
2020;Prefeitura Municipal de Tuparetama - PE;2615904;PE;DCA-Anexo I-C;Padrão;Receitas Brutas Realizadas;RO1.3.2.1.00.2.0;1.3.2.1.00.2.0 - Remuneração de Depósitos Especiais;2983,91;8202
2020;Prefeitura Municipal de Tuparetama - PE;2615904;PE;DCA-Anexo I-C;Padrão;Receitas Brutas Realizadas;RO1.3.2.1.00.4.0;1.3.2.1.00.4.0 - Remuneração dos Recursos do Regime Próprio de Previdência Social - RPPS;5110,83;8202
2020;Prefeitura Municipal de Tuparetama - PE;2615904;PE;DCA-Anexo I-C;Padrão;Receitas Brutas Realizadas;RO1.6.0.0.00.0.0;1.6.0.0.00.0.0 - Receita de Serviços;14318,70;8202
2020;Prefeitura Municipal de Tuparetama - PE;2615904;PE;DCA-Anexo I-C;Padrão;Receitas Brutas Realizadas;RO1.6.3.0.00.0.0;1.6.3.0.00.0.0 - Serviços e Atividades Referentes à Saúde;14318,70;8202
2020;Prefeitura Municipal de Tuparetama - PE;2615904;PE;DCA-Anexo I-C;Padrão;Receitas Brutas Realizadas;RO1.6.3.0.01.0.0;1.6.3.0.01.0.0 - Serviços de Atendimento à Saúde;14318,70;8202
2020;Prefeitura Municipal de Tuparetama - PE;2615904;PE;DCA-Anexo I-C;Padrão;Receitas Brutas Realizadas;RO1.7.0.0.00.0.0;1.7.0.0.00.0.0 - Transferências Correntes;28281764,58;8202
2020;Prefeitura Municipal de Tuparetama - PE;2615904;PE;DCA-Anexo I-C;Padrão;Deduções - FUNDEB;RO1.7.0.0.00.0.0;1.7.0.0.00.0.0 - Transferências Correntes;2662684,20;8202
2020;Prefeitura Municipal de Tuparetama - PE;2615904;PE;DCA-Anexo I-C;Padrão;Receitas Brutas Realizadas;RO1.7.1.0.00.0.0;1.7.1.0.00.0.0 - Transferências da União e de suas Entidades;18013831,29;8202
2020;Prefeitura Municipal de Tuparetama - PE;2615904;PE;DCA-Anexo I-C;Padrão;Deduções - FUNDEB;RO1.7.1.0.00.0.0;1.7.1.0.00.0.0 - Transferências da União e de suas Entidades;1752633,14;8202
2020;Prefeitura Municipal de Tuparetama - PE;2615904;PE;DCA-Anexo I-C;Padrão;Receitas Brutas Realizadas;RO1.7.1.8.00.0.0;1.7.1.8.00.0.0 Transferências da União - Específicas de Estados, DF e Municípios;18013831,29;8202
2020;Prefeitura Municipal de Tuparetama - PE;2615904;PE;DCA-Anexo I-C;Padrão;Deduções - FUNDEB;RO1.7.1.8.00.0.0;1.7.1.8.00.0.0 Transferências da União - Específicas de Estados, DF e Municípios;1752633,14;8202
2020;Prefeitura Municipal de Tuparetama - PE;2615904;PE;DCA-Anexo I-C;Padrão;Receitas Brutas Realizadas;RO1.7.1.8.01.0.0;1.7.1.8.01.0.0 Participação na Receita da União;9552597,27;8202
2020;Prefeitura Municipal de Tuparetama - PE;2615904;PE;DCA-Anexo I-C;Padrão;Deduções - FUNDEB;RO1.7.1.8.01.0.0;1.7.1.8.01.0.0 Participação na Receita da União;1752633,14;8202
2020;Prefeitura Municipal de Tuparetama - PE;2615904;PE;DCA-Anexo I-C;Padrão;Receitas Brutas Realizadas;RO1.7.1.8.01.2.0;1.7.1.8.01.2.0 Cota-Parte do Fundo de Participação dos Municípios - Cota Mensal;8762031,86;8202
2020;Prefeitura Municipal de Tuparetama - PE;2615904;PE;DCA-Anexo I-C;Padrão;Deduções - FUNDEB;RO1.7.1.8.01.2.0;1.7.1.8.01.2.0 Cota-Parte do Fundo de Participação dos Municípios - Cota Mensal;1752406,11;8202
2020;Prefeitura Municipal de Tuparetama - PE;2615904;PE;DCA-Anexo I-C;Padrão;Receitas Brutas Realizadas;RO1.7.1.8.01.3.0;1.7.1.8.01.3.0 Cota-Parte do Fundo de Participação do Municípios ¿ 1% Cota entregue no mês de dezembro;394294,66;8202
2020;Prefeitura Municipal de Tuparetama - PE;2615904;PE;DCA-Anexo I-C;Padrão;Receitas Brutas Realizadas;RO1.7.1.8.01.4.0;1.7.1.8.01.4.0 Cota-Parte do Fundo de Participação dos Municípios - 1% Cota entregue no mês de julho;395135,31;8202
2020;Prefeitura Municipal de Tuparetama - PE;2615904;PE;DCA-Anexo I-C;Padrão;Receitas Brutas Realizadas;RO1.7.1.8.01.5.0;1.7.1.8.01.5.0 Cota-Parte do Imposto Sobre a Propriedade Territorial Rural;1135,44;8202
2020;Prefeitura Municipal de Tuparetama - PE;2615904;PE;DCA-Anexo I-C;Padrão;Deduções - FUNDEB;RO1.7.1.8.01.5.0;1.7.1.8.01.5.0 Cota-Parte do Imposto Sobre a Propriedade Territorial Rural;227,03;8202
2020;Prefeitura Municipal de Tuparetama - PE;2615904;PE;DCA-Anexo I-C;Padrão;Receitas Brutas Realizadas;RO1.7.1.8.02.0.0;1.7.1.8.02.0.0 Transferência da Compensação Financeira pela Exploração de Recursos Naturais;140971,50;8202
2020;Prefeitura Municipal de Tuparetama - PE;2615904;PE;DCA-Anexo I-C;Padrão;Receitas Brutas Realizadas;RO1.7.1.8.02.6.0;1.7.1.8.02.6.0 Cota-Parte do Fundo Especial do Petróleo ¿ FEP;140971,50;8202
2020;Prefeitura Municipal de Tuparetama - PE;2615904;PE;DCA-Anexo I-C;Padrão;Receitas Brutas Realizadas;RO1.7.1.8.03.0.0;"1.7.1.8.03.0.0 Transferência de Recursos do Sistema Único de Saúde ¿ 
 SUS ¿ Bloco Custeio das Ações e Serviços Públicos de Saúde";5197398,68;8202
2020;Prefeitura Municipal de Tuparetama - PE;2615904;PE;DCA-Anexo I-C;Padrão;Receitas Brutas Realizadas;RO1.7.1.8.03.1.0;1.7.1.8.03.1.0 - Transferência de Recursos do SUS ¿ Atenção Básica;1675660,04;8202
2020;Prefeitura Municipal de Tuparetama - PE;2615904;PE;DCA-Anexo I-C;Padrão;Receitas Brutas Realizadas;RO1.7.1.8.03.2.0;1.7.1.8.03.2.0 - Transferência de Recursos do SUS ¿ Atenção de Média e Alta Complexidade Ambulatorial e Hospitalar;1522313,47;8202
2020;Prefeitura Municipal de Tuparetama - PE;2615904;PE;DCA-Anexo I-C;Padrão;Receitas Brutas Realizadas;RO1.7.1.8.03.3.0;1.7.1.8.03.3.0 - Transferência de Recursos do SUS ¿ Vigilância em Saúde;132181,45;8202
2020;Prefeitura Municipal de Tuparetama - PE;2615904;PE;DCA-Anexo I-C;Padrão;Receitas Brutas Realizadas;RO1.7.1.8.03.4.0;1.7.1.8.03.4.0 - Transferência de Recursos do SUS ¿ Assistência Farmacêutica;78801,84;8202
2020;Prefeitura Municipal de Tuparetama - PE;2615904;PE;DCA-Anexo I-C;Padrão;Receitas Brutas Realizadas;RO1.7.1.8.03.9.0;1.7.1.8.03.9.0 - Transferência de Recursos do SUS ¿ Outros Programas Financiados por Transferências Fundo a Fundo;1788441,88;8202
2020;Prefeitura Municipal de Tuparetama - PE;2615904;PE;DCA-Anexo I-C;Padrão;Receitas Brutas Realizadas;RO1.7.1.8.05.0.0;1.7.1.8.05.0.0 Transferências de Recursos do Fundo Nacional do Desenvolvimento da Educação ¿ FNDE;515276,60;8202
2020;Prefeitura Municipal de Tuparetama - PE;2615904;PE;DCA-Anexo I-C;Padrão;Receitas Brutas Realizadas;RO1.7.1.8.05.1.0;1.7.1.8.05.1.0 Transferências do Salário-Educação;239739,09;8202
2020;Prefeitura Municipal de Tuparetama - PE;2615904;PE;DCA-Anexo I-C;Padrão;Receitas Brutas Realizadas;RO1.7.1.8.05.3.0;1.7.1.8.05.3.0 Transferências Diretas do FNDE referentes ao Programa Nacional de Alimentação Escolar ¿ PNAE;166738,00;8202
2020;Prefeitura Municipal de Tuparetama - PE;2615904;PE;DCA-Anexo I-C;Padrão;Receitas Brutas Realizadas;RO1.7.1.8.05.4.0;1.7.1.8.05.4.0 Transferências Diretas do FNDE referentes ao Programa Nacional de Apoio ao Transporte do Escolar ¿ PNATE;107672,26;8202
2020;Prefeitura Municipal de Tuparetama - PE;2615904;PE;DCA-Anexo I-C;Padrão;Receitas Brutas Realizadas;RO1.7.1.8.05.9.0;1.7.1.8.05.9.0 Outras Transferências Diretas do Fundo Nacional do Desenvolvimento da Educação ¿ FNDE;1127,25;8202
2020;Prefeitura Municipal de Tuparetama - PE;2615904;PE;DCA-Anexo I-C;Padrão;Receitas Brutas Realizadas;RO1.7.1.8.09.0.0;1.7.1.8.09.0.0 - Transferências de Recursos de Complementação da União ao Fundo de Manutenção e Desenvolvimento da Educação Básica e de Valorização dos Profissionais da Educação ¿ FUNDEB;541292,48;8202
2020;Prefeitura Municipal de Tuparetama - PE;2615904;PE;DCA-Anexo I-C;Padrão;Receitas Brutas Realizadas;RO1.7.1.8.12.0.0;1.7.1.8.12.0.0 - Transferências de Recursos do Fundo Nacional de Assistência Social ¿ FNAS;539647,05;8202
2020;Prefeitura Municipal de Tuparetama - PE;2615904;PE;DCA-Anexo I-C;Padrão;Receitas Brutas Realizadas;RO1.7.1.8.99.0.0;1.7.1.8.99.0.0 Outras Transferências da União;1526647,71;8202
2020;Prefeitura Municipal de Tuparetama - PE;2615904;PE;DCA-Anexo I-C;Padrão;Receitas Brutas Realizadas;RO1.7.2.0.00.0.0;1.7.2.0.00.0.0 - Transferências dos Estados e do Distrito Federal e de suas Entidades;4636773,23;8202
2020;Prefeitura Municipal de Tuparetama - PE;2615904;PE;DCA-Anexo I-C;Padrão;Deduções - FUNDEB;RO1.7.2.0.00.0.0;1.7.2.0.00.0.0 - Transferências dos Estados e do Distrito Federal e de suas Entidades;910051,06;8202
2020;Prefeitura Municipal de Tuparetama - PE;2615904;PE;DCA-Anexo I-C;Padrão;Receitas Brutas Realizadas;RO1.7.2.8.00.0.0;1.7.2.8.00.0.0 Transferências dos Estados - Específicas de Estados, DF e Municípios;4636773,23;8202
2020;Prefeitura Municipal de Tuparetama - PE;2615904;PE;DCA-Anexo I-C;Padrão;Deduções - FUNDEB;RO1.7.2.8.00.0.0;1.7.2.8.00.0.0 Transferências dos Estados - Específicas de Estados, DF e Municípios;910051,06;8202
2020;Prefeitura Municipal de Tuparetama - PE;2615904;PE;DCA-Anexo I-C;Padrão;Receitas Brutas Realizadas;RO1.7.2.8.01.0.0;1.7.2.8.01.0.0 Participação na Receita dos Estados;4558564,92;8202
2020;Prefeitura Municipal de Tuparetama - PE;2615904;PE;DCA-Anexo I-C;Padrão;Deduções - FUNDEB;RO1.7.2.8.01.0.0;1.7.2.8.01.0.0 Participação na Receita dos Estados;910051,06;8202
2020;Prefeitura Municipal de Tuparetama - PE;2615904;PE;DCA-Anexo I-C;Padrão;Receitas Brutas Realizadas;RO1.7.2.8.01.1.0;1.7.2.8.01.1.0 Cota-Parte do ICMS;4110037,23;8202
2020;Prefeitura Municipal de Tuparetama - PE;2615904;PE;DCA-Anexo I-C;Padrão;Deduções - FUNDEB;RO1.7.2.8.01.1.0;1.7.2.8.01.1.0 Cota-Parte do ICMS;822007,51;8202
2020;Prefeitura Municipal de Tuparetama - PE;2615904;PE;DCA-Anexo I-C;Padrão;Receitas Brutas Realizadas;RO1.7.2.8.01.2.0;1.7.2.8.01.2.0 Cota-Parte do IPVA;411559,86;8202
2020;Prefeitura Municipal de Tuparetama - PE;2615904;PE;DCA-Anexo I-C;Padrão;Deduções - FUNDEB;RO1.7.2.8.01.2.0;1.7.2.8.01.2.0 Cota-Parte do IPVA;82312,47;8202
2020;Prefeitura Municipal de Tuparetama - PE;2615904;PE;DCA-Anexo I-C;Padrão;Receitas Brutas Realizadas;RO1.7.2.8.01.3.0;1.7.2.8.01.3.0 Cota-Parte do IPI - Municípios;28655,28;8202
2020;Prefeitura Municipal de Tuparetama - PE;2615904;PE;DCA-Anexo I-C;Padrão;Deduções - FUNDEB;RO1.7.2.8.01.3.0;1.7.2.8.01.3.0 Cota-Parte do IPI - Municípios;5731,08;8202
2020;Prefeitura Municipal de Tuparetama - PE;2615904;PE;DCA-Anexo I-C;Padrão;Receitas Brutas Realizadas;RO1.7.2.8.01.4.0;1.7.2.8.01.4.0 Cota-Parte da Contribuição de Intervenção no Domínio Econômico;8312,55;8202
2020;Prefeitura Municipal de Tuparetama - PE;2615904;PE;DCA-Anexo I-C;Padrão;Receitas Brutas Realizadas;RO1.7.2.8.10.0.0;1.7.2.8.10.0.0 Transferência de Convênios dos Estados e do Distrito Federal e de Suas Entidades;61767,83;8202
2020;Prefeitura Municipal de Tuparetama - PE;2615904;PE;DCA-Anexo I-C;Padrão;Receitas Brutas Realizadas;RO1.7.2.8.10.1.0;1.7.2.8.10.1.0 Transferências de Convênio dos Estados para o Sistema Único de Saúde ¿ SUS;17462,78;8202
2020;Prefeitura Municipal de Tuparetama - PE;2615904;PE;DCA-Anexo I-C;Padrão;Receitas Brutas Realizadas;RO1.7.2.8.10.9.0;1.7.2.8.10.9.0 Outras Transferências de Convênio dos Estados;44305,05;8202
2020;Prefeitura Municipal de Tuparetama - PE;2615904;PE;DCA-Anexo I-C;Padrão;Receitas Brutas Realizadas;RO1.7.2.8.99.0.0;1.7.2.8.99.0.0 Outras Transferências dos Estados;16440,48;8202
2020;Prefeitura Municipal de Tuparetama - PE;2615904;PE;DCA-Anexo I-C;Padrão;Receitas Brutas Realizadas;RO1.7.5.0.00.0.0;1.7.5.0.00.0.0 - Transferências de Outras Instituições Públicas;5631160,06;8202
2020;Prefeitura Municipal de Tuparetama - PE;2615904;PE;DCA-Anexo I-C;Padrão;Receitas Brutas Realizadas;RO1.7.5.8.00.0.0;1.7.5.8.00.0.0 Transferências de Outras Instituições Públicas - Específicas de Estados, DF e Municípios;5631160,06;8202
2020;Prefeitura Municipal de Tuparetama - PE;2615904;PE;DCA-Anexo I-C;Padrão;Receitas Brutas Realizadas;RO1.7.5.8.01.0.0;1.7.5.8.01.0.0 Transferências de Recursos do Fundo de Manutenção e Desenvolvimento da Educação Básica e de Valorização dos Profissionais da Educação ¿ FUNDEB;5631160,06;8202
2020;Prefeitura Municipal de Tuparetama - PE;2615904;PE;DCA-Anexo I-C;Padrão;Receitas Brutas Realizadas;RO1.9.0.0.00.0.0;1.9.0.0.00.0.0 - Outras Receitas Correntes;1386,24;8202
2020;Prefeitura Municipal de Tuparetama - PE;2615904;PE;DCA-Anexo I-C;Padrão;Receitas Brutas Realizadas;RO1.9.2.0.00.0.0;1.9.2.0.00.0.0 - Indenizações, Restituições e Ressarcimentos;1386,24;8202
2020;Prefeitura Municipal de Tuparetama - PE;2615904;PE;DCA-Anexo I-C;Padrão;Receitas Brutas Realizadas;RO1.9.2.8.00.0.0;1.9.2.8.00.0.0 - Indenizações, Restituições e Ressarcimentos - Específicas para Estados/DF/Municípios;1386,24;8202
2020;Prefeitura Municipal de Tuparetama - PE;2615904;PE;DCA-Anexo I-C;Padrão;Receitas Brutas Realizadas;RO1.9.2.8.02.0.0;1.9.2.8.02.0.0 - Restituições - Específicas para Estados/DF/Municípios;1385,81;8202
2020;Prefeitura Municipal de Tuparetama - PE;2615904;PE;DCA-Anexo I-C;Padrão;Receitas Brutas Realizadas;RO1.9.2.8.02.1.0;1.9.2.8.02.1.0 - Restituições de Recursos Recebidos do SUS - Específicas para Estados/DF/Municípios;42,66;8202
2020;Prefeitura Municipal de Tuparetama - PE;2615904;PE;DCA-Anexo I-C;Padrão;Receitas Brutas Realizadas;RO1.9.2.8.02.9.0;1.9.2.8.02.9.0 - Outras Restituições - Específicas para Estados/DF/Municípios - Não Especificadas Anteriormente;1343,15;8202
2020;Prefeitura Municipal de Tuparetama - PE;2615904;PE;DCA-Anexo I-C;Padrão;Receitas Brutas Realizadas;RO1.9.2.8.03.0.0;1.9.2.8.03.0.0 - Ressarcimentos - Específicas para Estados/DF/Municípios;0,43;8202
2020;Prefeitura Municipal de Tuparetama - PE;2615904;PE;DCA-Anexo I-C;Padrão;Receitas Brutas Realizadas;RO2.0.0.0.00.0.0;2.0.0.0.00.0.0 - Receitas de Capital;1659229,72;8202
2020;Prefeitura Municipal de Tuparetama - PE;2615904;PE;DCA-Anexo I-C;Padrão;Receitas Brutas Realizadas;RO2.4.0.0.00.0.0;2.4.0.0.00.0.0 - Transferências de Capital;1659229,72;8202
2020;Prefeitura Municipal de Tuparetama - PE;2615904;PE;DCA-Anexo I-C;Padrão;Receitas Brutas Realizadas;RO2.4.1.0.00.0.0;2.4.1.0.00.0.0 - Transferências da União e de suas Entidades;1659229,72;8202
2020;Prefeitura Municipal de Tuparetama - PE;2615904;PE;DCA-Anexo I-C;Padrão;Receitas Brutas Realizadas;RO2.4.1.8.00.0.0;2.4.1.8.00.0.0 Transferências da União - Específicas de Estados, DF e Municípios;1659229,72;8202
2020;Prefeitura Municipal de Tuparetama - PE;2615904;PE;DCA-Anexo I-C;Padrão;Receitas Brutas Realizadas;RO2.4.1.8.03.0.0;2.4.1.8.03.0.0 Transferências de Recursos do Sistema Único de Saúde ¿ SUS;506780,00;8202
2020;Prefeitura Municipal de Tuparetama - PE;2615904;PE;DCA-Anexo I-C;Padrão;Receitas Brutas Realizadas;RO2.4.1.8.03.1.0;2.4.1.8.03.1.0 - Transferência de Recursos do SUS ¿ Atenção Básica;499830,00;8202
2020;Prefeitura Municipal de Tuparetama - PE;2615904;PE;DCA-Anexo I-C;Padrão;Receitas Brutas Realizadas;RO2.4.1.8.03.9.0;2.4.1.8.03.9.0 - Transferência de Recursos do SUS ¿ Outros Programas Financiados por Transferências Fundo a Fundo;6950,00;8202
2020;Prefeitura Municipal de Tuparetama - PE;2615904;PE;DCA-Anexo I-C;Padrão;Receitas Brutas Realizadas;RO2.4.1.8.10.0.0;2.4.1.8.10.0.0 Transferência de Convênios da União e de suas Entidades;1152449,72;8202
2020;Prefeitura Municipal de Tuparetama - PE;2615904;PE;DCA-Anexo I-C;Padrão;Receitas Brutas Realizadas;RO2.4.1.8.10.1.0;2.4.1.8.10.1.0 - Transferências de Convênio da União para o Sistema Único de Saúde ¿ SUS;178210,00;8202
2020;Prefeitura Municipal de Tuparetama - PE;2615904;PE;DCA-Anexo I-C;Padrão;Receitas Brutas Realizadas;RO2.4.1.8.10.2.0;2.4.1.8.10.2.0 - Transferências de Convênio da União destinadas a Programas de Educação;925244,98;8202
2020;Prefeitura Municipal de Tuparetama - PE;2615904;PE;DCA-Anexo I-C;Padrão;Receitas Brutas Realizadas;RO2.4.1.8.10.9.0;2.4.1.8.10.9.0 - Outras Transferências de Convênios da União;48994,74;8202
2020;Prefeitura Municipal de Tuparetama - PE;2615904;PE;DCA-Anexo I-C;Padrão;Receitas Brutas Realizadas;ReceitasIntraOrcamentarias;RECEITAS (INTRA-ORÇAMENTÁRIAS) (II);3218262,37;8202
2020;Prefeitura Municipal de Tuparetama - PE;2615904;PE;DCA-Anexo I-C;Padrão;Receitas Brutas Realizadas;RI7.0.0.0.00.0.0;7.0.0.0.00.0.0 - Receitas Correntes;3218262,37;8202
2020;Prefeitura Municipal de Tuparetama - PE;2615904;PE;DCA-Anexo I-C;Padrão;Receitas Brutas Realizadas;RI7.2.0.0.00.0.0;7.2.0.0.00.0.0 - Contribuições;3218262,37;8202
2020;Prefeitura Municipal de Tuparetama - PE;2615904;PE;DCA-Anexo I-C;Padrão;Receitas Brutas Realizadas;RI7.2.1.0.00.0.0;7.2.1.0.00.0.0 - Contribuições Sociais;3218262,37;8202
2020;Prefeitura Municipal de Tuparetama - PE;2615904;PE;DCA-Anexo I-C;Padrão;Receitas Brutas Realizadas;RI7.2.1.8.00.0.0;"7.2.1.8.00.0.0 Contribuições Sociais Específicas de Estados, DF e 
 Municípios";3218262,37;8202
2020;Prefeitura Municipal de Tuparetama - PE;2615904;PE;DCA-Anexo I-C;Padrão;Receitas Brutas Realizadas;RI7.2.1.8.03.0.0;7.2.1.8.03.0.0 - CPSSS Patronal - Servidor Civil - Específico de EST/DF/MUN;2852018,15;8202
2020;Prefeitura Municipal de Tuparetama - PE;2615904;PE;DCA-Anexo I-C;Padrão;Receitas Brutas Realizadas;RI7.2.1.8.03.1.0;7.2.1.8.03.1.0 - CPSSS Patronal - Servidor Civil Ativo;2852018,15;8202
2020;Prefeitura Municipal de Tuparetama - PE;2615904;PE;DCA-Anexo I-C;Padrão;Receitas Brutas Realizadas;RI7.2.1.8.04.0.0;7.2.1.8.04.0.0 - CPSSS Patronal - Parcelamentos - Específico de EST/DF/MUN;366244,22;8202
2020;Prefeitura Municipal de Tuparetama - PE;2615904;PE;DCA-Anexo I-C;Padrão;Receitas Brutas Realizadas;RI7.2.1.8.04.1.0;7.2.1.8.04.1.0 - CPSSS Patronal - Parcelamentos - Servidor Civil Ativo;366244,22;8202
2020;Prefeitura Municipal de Tuparetama - PE;2615904;PE;DCA-Anexo I-C;Padrão;Receitas Brutas Realizadas;TotalReceitas;TOTAL DAS RECEITAS (III) = (I + II);34855950,66;8202
2020;Prefeitura Municipal de Tuparetama - PE;2615904;PE;DCA-Anexo I-C;Padrão;Deduções - FUNDEB;TotalReceitas;TOTAL DAS RECEITAS (III) = (I + II);2662684,20;8202
2021;Prefeitura Municipal de Tuparetama - PE;2615904;PE;DCA-Anexo I-C;Padrão;Receitas Brutas Realizadas;ReceitasExcetoIntraOrcamentarias;RECEITAS (EXCETO INTRA-ORÇAMENTÁRIAS) (I);36281304,45;8256
2021;Prefeitura Municipal de Tuparetama - PE;2615904;PE;DCA-Anexo I-C;Padrão;Deduções - FUNDEB;ReceitasExcetoIntraOrcamentarias;RECEITAS (EXCETO INTRA-ORÇAMENTÁRIAS) (I);3445116,76;8256
2021;Prefeitura Municipal de Tuparetama - PE;2615904;PE;DCA-Anexo I-C;Padrão;Receitas Brutas Realizadas;RO1.0.0.0.00.0.0;1.0.0.0.00.0.0 - Receitas Correntes;34447035,09;8256
2021;Prefeitura Municipal de Tuparetama - PE;2615904;PE;DCA-Anexo I-C;Padrão;Deduções - FUNDEB;RO1.0.0.0.00.0.0;1.0.0.0.00.0.0 - Receitas Correntes;3445116,76;8256
2021;Prefeitura Municipal de Tuparetama - PE;2615904;PE;DCA-Anexo I-C;Padrão;Receitas Brutas Realizadas;RO1.1.0.0.00.0.0;1.1.0.0.00.0.0 - Impostos, Taxas e Contribuições de Melhoria;1359443,82;8256
2021;Prefeitura Municipal de Tuparetama - PE;2615904;PE;DCA-Anexo I-C;Padrão;Receitas Brutas Realizadas;RO1.1.1.0.00.0.0;1.1.1.0.00.0.0 - Impostos;1092317,03;8256
2021;Prefeitura Municipal de Tuparetama - PE;2615904;PE;DCA-Anexo I-C;Padrão;Receitas Brutas Realizadas;RO1.1.1.3.00.0.0;1.1.1.3.00.0.0 - Impostos sobre a Renda e Proventos de Qualquer Natureza;412417,80;8256
2021;Prefeitura Municipal de Tuparetama - PE;2615904;PE;DCA-Anexo I-C;Padrão;Receitas Brutas Realizadas;RO1.1.1.3.03.0.0;1.1.1.3.03.0.0 - Imposto sobre a Renda - Retido na Fonte;412417,80;8256
2021;Prefeitura Municipal de Tuparetama - PE;2615904;PE;DCA-Anexo I-C;Padrão;Receitas Brutas Realizadas;RO1.1.1.3.03.1.0;1.1.1.3.03.1.0 - Imposto sobre a Renda - Retido na Fonte - Trabalho;403408,95;8256
2021;Prefeitura Municipal de Tuparetama - PE;2615904;PE;DCA-Anexo I-C;Padrão;Receitas Brutas Realizadas;RO1.1.1.3.03.4.0;1.1.1.3.03.4.0 - Imposto sobre a Renda - Retido na Fonte - Outros Rendimentos;9008,85;8256
2021;Prefeitura Municipal de Tuparetama - PE;2615904;PE;DCA-Anexo I-C;Padrão;Receitas Brutas Realizadas;RO1.1.1.8.00.0.0;1.1.1.8.00.0.0 - Impostos Específicos de Estados, DF e Municípios;679899,23;8256
2021;Prefeitura Municipal de Tuparetama - PE;2615904;PE;DCA-Anexo I-C;Padrão;Receitas Brutas Realizadas;RO1.1.1.8.01.0.0;1.1.1.8.01.0.0 - Impostos sobre o Patrimônio para Estados/DF/Municípios;241574,05;8256
2021;Prefeitura Municipal de Tuparetama - PE;2615904;PE;DCA-Anexo I-C;Padrão;Receitas Brutas Realizadas;RO1.1.1.8.01.1.0;1.1.1.8.01.1.0 - Imposto sobre a Propriedade Predial e Territorial Urbana;213553,35;8256
2021;Prefeitura Municipal de Tuparetama - PE;2615904;PE;DCA-Anexo I-C;Padrão;Receitas Brutas Realizadas;RO1.1.1.8.01.4.0;1.1.1.8.01.4.0 - Imposto sobre Transmissão ¿Inter Vivos¿ de Bens Imóveis e de Direitos Reais sobre Imóveis;28020,70;8256
2021;Prefeitura Municipal de Tuparetama - PE;2615904;PE;DCA-Anexo I-C;Padrão;Receitas Brutas Realizadas;RO1.1.1.8.02.0.0;1.1.1.8.02.0.0 - Impostos sobre a Produção, Circulação de Mercadorias e Serviços;438325,18;8256
2021;Prefeitura Municipal de Tuparetama - PE;2615904;PE;DCA-Anexo I-C;Padrão;Receitas Brutas Realizadas;RO1.1.1.8.02.3.0;1.1.1.8.02.3.0 - Imposto sobre Serviços de Qualquer Natureza;438325,18;8256
2021;Prefeitura Municipal de Tuparetama - PE;2615904;PE;DCA-Anexo I-C;Padrão;Receitas Brutas Realizadas;RO1.1.2.0.00.0.0;1.1.2.0.00.0.0 - Taxas;85344,64;8256
2021;Prefeitura Municipal de Tuparetama - PE;2615904;PE;DCA-Anexo I-C;Padrão;Receitas Brutas Realizadas;RO1.1.2.2.00.0.0;1.1.2.2.00.0.0 - Taxas pela Prestação de Serviços;30545,27;8256
2021;Prefeitura Municipal de Tuparetama - PE;2615904;PE;DCA-Anexo I-C;Padrão;Receitas Brutas Realizadas;RO1.1.2.2.01.0.0;1.1.2.2.01.0.0 - Taxas pela Prestação de Serviços;30545,27;8256
2021;Prefeitura Municipal de Tuparetama - PE;2615904;PE;DCA-Anexo I-C;Padrão;Receitas Brutas Realizadas;RO1.1.2.8.00.0.0;1.1.2.8.00.0.0 - Taxas - Específicas de Estados, DF e Municípios;54799,37;8256
2021;Prefeitura Municipal de Tuparetama - PE;2615904;PE;DCA-Anexo I-C;Padrão;Receitas Brutas Realizadas;RO1.1.2.8.01.0.0;1.1.2.8.01.0.0 - Taxas de Inspeção, Controle e Fiscalização;54799,37;8256
2021;Prefeitura Municipal de Tuparetama - PE;2615904;PE;DCA-Anexo I-C;Padrão;Receitas Brutas Realizadas;RO1.1.2.8.01.9.0;1.1.2.8.01.9.0 - Taxas de Inspeção, Controle e Fiscalização - Outras;54799,37;8256
2021;Prefeitura Municipal de Tuparetama - PE;2615904;PE;DCA-Anexo I-C;Padrão;Receitas Brutas Realizadas;RO1.1.3.0.00.0.0;1.1.3.0.00.0.0 - Contribuição de Melhoria;181782,15;8256
2021;Prefeitura Municipal de Tuparetama - PE;2615904;PE;DCA-Anexo I-C;Padrão;Receitas Brutas Realizadas;RO1.1.3.8.00.0.0;1.1.3.8.00.0.0 - Contribuição de Melhoria - Específica de Estados, DF e Municípios;181782,15;8256
2021;Prefeitura Municipal de Tuparetama - PE;2615904;PE;DCA-Anexo I-C;Padrão;Receitas Brutas Realizadas;RO1.1.3.8.02.0.0;1.1.3.8.02.0.0 - Contribuição de Melhoria para Expansão da Rede de Iluminação Pública na Cidade;181782,15;8256
2021;Prefeitura Municipal de Tuparetama - PE;2615904;PE;DCA-Anexo I-C;Padrão;Receitas Brutas Realizadas;RO1.2.0.0.00.0.0;1.2.0.0.00.0.0 - Contribuições;838086,52;8256
2021;Prefeitura Municipal de Tuparetama - PE;2615904;PE;DCA-Anexo I-C;Padrão;Receitas Brutas Realizadas;RO1.2.1.0.00.0.0;1.2.1.0.00.0.0 - Contribuições Sociais;838086,52;8256
2021;Prefeitura Municipal de Tuparetama - PE;2615904;PE;DCA-Anexo I-C;Padrão;Receitas Brutas Realizadas;RO1.2.1.8.00.0.0;1.2.1.8.00.0.0 - Contribuições Sociais Específicas de Estados, DF e Municípios;838086,52;8256
2021;Prefeitura Municipal de Tuparetama - PE;2615904;PE;DCA-Anexo I-C;Padrão;Receitas Brutas Realizadas;RO1.2.1.8.01.0.0;1.2.1.8.01.0.0 - Contribuição do Servidor Civil para o Plano de Seguridade Social - CPSSS - Específico de EST/DF/MUN;833545,72;8256
2021;Prefeitura Municipal de Tuparetama - PE;2615904;PE;DCA-Anexo I-C;Padrão;Receitas Brutas Realizadas;RO1.2.1.8.01.1.0;1.2.1.8.01.1.0 - CPSSS do Servidor Civil Ativo;833545,72;8256
2021;Prefeitura Municipal de Tuparetama - PE;2615904;PE;DCA-Anexo I-C;Padrão;Receitas Brutas Realizadas;RO1.2.1.8.03.0.0;1.2.1.8.03.0.0 - CPSSS Patronal - Servidor Civil - Específico de EST/DF/MUN;4540,80;8256
2021;Prefeitura Municipal de Tuparetama - PE;2615904;PE;DCA-Anexo I-C;Padrão;Receitas Brutas Realizadas;RO1.2.1.8.03.1.0;1.2.1.8.03.1.0 - CPSSS Patronal - Servidor Civil Ativo;4540,80;8256
2021;Prefeitura Municipal de Tuparetama - PE;2615904;PE;DCA-Anexo I-C;Padrão;Receitas Brutas Realizadas;RO1.3.0.0.00.0.0;1.3.0.0.00.0.0 - Receita Patrimonial;69849,68;8256
2021;Prefeitura Municipal de Tuparetama - PE;2615904;PE;DCA-Anexo I-C;Padrão;Receitas Brutas Realizadas;RO1.3.2.0.00.0.0;1.3.2.0.00.0.0 - Valores Mobiliários;69849,68;8256
2021;Prefeitura Municipal de Tuparetama - PE;2615904;PE;DCA-Anexo I-C;Padrão;Receitas Brutas Realizadas;RO1.3.2.1.00.0.0;1.3.2.1.00.0.0 - Juros e Correções Monetárias;69849,68;8256
2021;Prefeitura Municipal de Tuparetama - PE;2615904;PE;DCA-Anexo I-C;Padrão;Receitas Brutas Realizadas;RO1.3.2.1.00.1.0;1.3.2.1.00.1.0 - Remuneração de Depósitos Bancários;26062,26;8256
2021;Prefeitura Municipal de Tuparetama - PE;2615904;PE;DCA-Anexo I-C;Padrão;Receitas Brutas Realizadas;RO1.3.2.1.00.2.0;1.3.2.1.00.2.0 - Remuneração de Depósitos Especiais;21675,15;8256
2021;Prefeitura Municipal de Tuparetama - PE;2615904;PE;DCA-Anexo I-C;Padrão;Receitas Brutas Realizadas;RO1.3.2.1.00.4.0;1.3.2.1.00.4.0 - Remuneração dos Recursos do Regime Próprio de Previdência Social - RPPS;22112,27;8256
2021;Prefeitura Municipal de Tuparetama - PE;2615904;PE;DCA-Anexo I-C;Padrão;Receitas Brutas Realizadas;RO1.6.0.0.00.0.0;1.6.0.0.00.0.0 - Receita de Serviços;1301,70;8256
2021;Prefeitura Municipal de Tuparetama - PE;2615904;PE;DCA-Anexo I-C;Padrão;Receitas Brutas Realizadas;RO1.6.3.0.00.0.0;1.6.3.0.00.0.0 - Serviços e Atividades Referentes à Saúde;1301,70;8256
2021;Prefeitura Municipal de Tuparetama - PE;2615904;PE;DCA-Anexo I-C;Padrão;Receitas Brutas Realizadas;RO1.6.3.0.01.0.0;1.6.3.0.01.0.0 - Serviços de Atendimento à Saúde;1301,70;8256
2021;Prefeitura Municipal de Tuparetama - PE;2615904;PE;DCA-Anexo I-C;Padrão;Receitas Brutas Realizadas;RO1.7.0.0.00.0.0;1.7.0.0.00.0.0 - Transferências Correntes;32167761,70;8256
2021;Prefeitura Municipal de Tuparetama - PE;2615904;PE;DCA-Anexo I-C;Padrão;Deduções - FUNDEB;RO1.7.0.0.00.0.0;1.7.0.0.00.0.0 - Transferências Correntes;3445116,76;8256
2021;Prefeitura Municipal de Tuparetama - PE;2615904;PE;DCA-Anexo I-C;Padrão;Receitas Brutas Realizadas;RO1.7.1.0.00.0.0;1.7.1.0.00.0.0 - Transferências da União e de suas Entidades;19505798,58;8256
2021;Prefeitura Municipal de Tuparetama - PE;2615904;PE;DCA-Anexo I-C;Padrão;Deduções - FUNDEB;RO1.7.1.0.00.0.0;1.7.1.0.00.0.0 - Transferências da União e de suas Entidades;2352985,99;8256
2021;Prefeitura Municipal de Tuparetama - PE;2615904;PE;DCA-Anexo I-C;Padrão;Receitas Brutas Realizadas;RO1.7.1.8.00.0.0;1.7.1.8.00.0.0 - Transferências da União - Específicas de Estados, DF e Municípios;19505798,58;8256
2021;Prefeitura Municipal de Tuparetama - PE;2615904;PE;DCA-Anexo I-C;Padrão;Deduções - FUNDEB;RO1.7.1.8.00.0.0;1.7.1.8.00.0.0 - Transferências da União - Específicas de Estados, DF e Municípios;2352985,99;8256
2021;Prefeitura Municipal de Tuparetama - PE;2615904;PE;DCA-Anexo I-C;Padrão;Receitas Brutas Realizadas;RO1.7.1.8.01.0.0;1.7.1.8.01.0.0 - Participação na Receita da União;12736021,07;8256
2021;Prefeitura Municipal de Tuparetama - PE;2615904;PE;DCA-Anexo I-C;Padrão;Deduções - FUNDEB;RO1.7.1.8.01.0.0;1.7.1.8.01.0.0 - Participação na Receita da União;2352985,99;8256
2021;Prefeitura Municipal de Tuparetama - PE;2615904;PE;DCA-Anexo I-C;Padrão;Receitas Brutas Realizadas;RO1.7.1.8.01.2.0;1.7.1.8.01.2.0 - Cota-Parte do Fundo de Participação dos Municípios - Cota Mensal;11763733,91;8256
2021;Prefeitura Municipal de Tuparetama - PE;2615904;PE;DCA-Anexo I-C;Padrão;Deduções - FUNDEB;RO1.7.1.8.01.2.0;1.7.1.8.01.2.0 - Cota-Parte do Fundo de Participação dos Municípios - Cota Mensal;2352746,52;8256
2021;Prefeitura Municipal de Tuparetama - PE;2615904;PE;DCA-Anexo I-C;Padrão;Receitas Brutas Realizadas;RO1.7.1.8.01.3.0;1.7.1.8.01.3.0 - Cota-Parte do Fundo de Participação do Municípios ¿ 1% Cota entregue no mês de dezembro;515618,82;8256
2021;Prefeitura Municipal de Tuparetama - PE;2615904;PE;DCA-Anexo I-C;Padrão;Receitas Brutas Realizadas;RO1.7.1.8.01.4.0;1.7.1.8.01.4.0 - Cota-Parte do Fundo de Participação dos Municípios - 1% Cota entregue no mês de julho;455470,62;8256
2021;Prefeitura Municipal de Tuparetama - PE;2615904;PE;DCA-Anexo I-C;Padrão;Receitas Brutas Realizadas;RO1.7.1.8.01.5.0;1.7.1.8.01.5.0 - Cota-Parte do Imposto Sobre a Propriedade Territorial Rural;1197,72;8256
2021;Prefeitura Municipal de Tuparetama - PE;2615904;PE;DCA-Anexo I-C;Padrão;Deduções - FUNDEB;RO1.7.1.8.01.5.0;1.7.1.8.01.5.0 - Cota-Parte do Imposto Sobre a Propriedade Territorial Rural;239,47;8256
2021;Prefeitura Municipal de Tuparetama - PE;2615904;PE;DCA-Anexo I-C;Padrão;Receitas Brutas Realizadas;RO1.7.1.8.02.0.0;1.7.1.8.02.0.0 - Transferência da Compensação Financeira pela Exploração de Recursos Naturais;227399,13;8256
2021;Prefeitura Municipal de Tuparetama - PE;2615904;PE;DCA-Anexo I-C;Padrão;Receitas Brutas Realizadas;RO1.7.1.8.02.6.0;1.7.1.8.02.6.0 - Cota-Parte do Fundo Especial do Petróleo ¿ FEP;227399,13;8256
2021;Prefeitura Municipal de Tuparetama - PE;2615904;PE;DCA-Anexo I-C;Padrão;Receitas Brutas Realizadas;RO1.7.1.8.03.0.0;1.7.1.8.03.0.0 - Transferência de Recursos do Sistema Único de Saúde ¿ SUS ¿ Repasses Fundo a Fundo - Bloco de Manutenção das Ações e Serviços Públicos de Saúde;4475220,65;8256
2021;Prefeitura Municipal de Tuparetama - PE;2615904;PE;DCA-Anexo I-C;Padrão;Receitas Brutas Realizadas;RO1.7.1.8.03.1.0;1.7.1.8.03.1.0 - Transferência de Recursos do SUS ¿ Atenção Primária;2760557,68;8256
2021;Prefeitura Municipal de Tuparetama - PE;2615904;PE;DCA-Anexo I-C;Padrão;Receitas Brutas Realizadas;RO1.7.1.8.03.2.0;1.7.1.8.03.2.0 - Transferência de Recursos do SUS ¿ Atenção Especializada;899150,08;8256
2021;Prefeitura Municipal de Tuparetama - PE;2615904;PE;DCA-Anexo I-C;Padrão;Receitas Brutas Realizadas;RO1.7.1.8.03.3.0;1.7.1.8.03.3.0 - Transferência de Recursos do SUS ¿ Vigilância em Saúde;136017,42;8256
2021;Prefeitura Municipal de Tuparetama - PE;2615904;PE;DCA-Anexo I-C;Padrão;Receitas Brutas Realizadas;RO1.7.1.8.03.4.0;1.7.1.8.03.4.0 - Transferência de Recursos do SUS ¿ Assistência Farmacêutica;50735,02;8256
2021;Prefeitura Municipal de Tuparetama - PE;2615904;PE;DCA-Anexo I-C;Padrão;Receitas Brutas Realizadas;RO1.7.1.8.03.5.0;1.7.1.8.03.5.0 - Transferência de Recursos do SUS ¿ Gestão do SUS;16643,00;8256
2021;Prefeitura Municipal de Tuparetama - PE;2615904;PE;DCA-Anexo I-C;Padrão;Receitas Brutas Realizadas;RO1.7.1.8.03.9.0;1.7.1.8.03.9.0 - Transferência de Recursos do SUS ¿ Outros Programas Financiados por Transferências Fundo a Fundo;612117,45;8256
2021;Prefeitura Municipal de Tuparetama - PE;2615904;PE;DCA-Anexo I-C;Padrão;Receitas Brutas Realizadas;RO1.7.1.8.05.0.0;1.7.1.8.05.0.0 - Transferências de Recursos do Fundo Nacional do Desenvolvimento da Educação ¿ FNDE;474191,23;8256
2021;Prefeitura Municipal de Tuparetama - PE;2615904;PE;DCA-Anexo I-C;Padrão;Receitas Brutas Realizadas;RO1.7.1.8.05.1.0;1.7.1.8.05.1.0 - Transferências do Salário-Educação;242684,38;8256
2021;Prefeitura Municipal de Tuparetama - PE;2615904;PE;DCA-Anexo I-C;Padrão;Receitas Brutas Realizadas;RO1.7.1.8.05.3.0;1.7.1.8.05.3.0 - Transferências Diretas do FNDE referentes ao Programa Nacional de Alimentação Escolar ¿ PNAE;162311,60;8256
2021;Prefeitura Municipal de Tuparetama - PE;2615904;PE;DCA-Anexo I-C;Padrão;Receitas Brutas Realizadas;RO1.7.1.8.05.4.0;1.7.1.8.05.4.0 - Transferências Diretas do FNDE referentes ao Programa Nacional de Apoio ao Transporte do Escolar ¿ PNATE;69195,25;8256
2021;Prefeitura Municipal de Tuparetama - PE;2615904;PE;DCA-Anexo I-C;Padrão;Receitas Brutas Realizadas;RO1.7.1.8.09.0.0;1.7.1.8.09.0.0 - Transferências de Recursos de Complementação da União ao Fundo de Manutenção e Desenvolvimento da Educação Básica e de Valorização dos Profissionais da Educação ¿ FUNDEB;1326637,91;8256
2021;Prefeitura Municipal de Tuparetama - PE;2615904;PE;DCA-Anexo I-C;Padrão;Receitas Brutas Realizadas;RO1.7.1.8.12.0.0;1.7.1.8.12.0.0 - Transferências de Recursos do Fundo Nacional de Assistência Social ¿ FNAS;258754,19;8256
2021;Prefeitura Municipal de Tuparetama - PE;2615904;PE;DCA-Anexo I-C;Padrão;Receitas Brutas Realizadas;RO1.7.1.8.99.0.0;1.7.1.8.99.0.0 - Outras Transferências da União;7574,40;8256
2021;Prefeitura Municipal de Tuparetama - PE;2615904;PE;DCA-Anexo I-C;Padrão;Receitas Brutas Realizadas;RO1.7.2.0.00.0.0;1.7.2.0.00.0.0 - Transferências dos Estados e do Distrito Federal e de suas Entidades;5777925,97;8256
2021;Prefeitura Municipal de Tuparetama - PE;2615904;PE;DCA-Anexo I-C;Padrão;Deduções - FUNDEB;RO1.7.2.0.00.0.0;1.7.2.0.00.0.0 - Transferências dos Estados e do Distrito Federal e de suas Entidades;1092130,77;8256
2021;Prefeitura Municipal de Tuparetama - PE;2615904;PE;DCA-Anexo I-C;Padrão;Receitas Brutas Realizadas;RO1.7.2.8.00.0.0;1.7.2.8.00.0.0 - Transferências dos Estados - Específicas de Estados, DF e Municípios;5777925,97;8256
2021;Prefeitura Municipal de Tuparetama - PE;2615904;PE;DCA-Anexo I-C;Padrão;Deduções - FUNDEB;RO1.7.2.8.00.0.0;1.7.2.8.00.0.0 - Transferências dos Estados - Específicas de Estados, DF e Municípios;1092130,77;8256
2021;Prefeitura Municipal de Tuparetama - PE;2615904;PE;DCA-Anexo I-C;Padrão;Receitas Brutas Realizadas;RO1.7.2.8.01.0.0;1.7.2.8.01.0.0 - Participação na Receita dos Estados;5465891,83;8256
2021;Prefeitura Municipal de Tuparetama - PE;2615904;PE;DCA-Anexo I-C;Padrão;Deduções - FUNDEB;RO1.7.2.8.01.0.0;1.7.2.8.01.0.0 - Participação na Receita dos Estados;1092130,77;8256
2021;Prefeitura Municipal de Tuparetama - PE;2615904;PE;DCA-Anexo I-C;Padrão;Receitas Brutas Realizadas;RO1.7.2.8.01.1.0;1.7.2.8.01.1.0 - Cota-Parte do ICMS;4981350,86;8256
2021;Prefeitura Municipal de Tuparetama - PE;2615904;PE;DCA-Anexo I-C;Padrão;Deduções - FUNDEB;RO1.7.2.8.01.1.0;1.7.2.8.01.1.0 - Cota-Parte do ICMS;996270,22;8256
2021;Prefeitura Municipal de Tuparetama - PE;2615904;PE;DCA-Anexo I-C;Padrão;Receitas Brutas Realizadas;RO1.7.2.8.01.2.0;1.7.2.8.01.2.0 - Cota-Parte do IPVA;455504,62;8256
2021;Prefeitura Municipal de Tuparetama - PE;2615904;PE;DCA-Anexo I-C;Padrão;Deduções - FUNDEB;RO1.7.2.8.01.2.0;1.7.2.8.01.2.0 - Cota-Parte do IPVA;91101,35;8256
2021;Prefeitura Municipal de Tuparetama - PE;2615904;PE;DCA-Anexo I-C;Padrão;Receitas Brutas Realizadas;RO1.7.2.8.01.3.0;1.7.2.8.01.3.0 - Cota-Parte do IPI - Municípios;23795,85;8256
2021;Prefeitura Municipal de Tuparetama - PE;2615904;PE;DCA-Anexo I-C;Padrão;Deduções - FUNDEB;RO1.7.2.8.01.3.0;1.7.2.8.01.3.0 - Cota-Parte do IPI - Municípios;4759,20;8256
2021;Prefeitura Municipal de Tuparetama - PE;2615904;PE;DCA-Anexo I-C;Padrão;Receitas Brutas Realizadas;RO1.7.2.8.01.4.0;1.7.2.8.01.4.0 - Cota-Parte da Contribuição de Intervenção no Domínio Econômico;5240,50;8256
2021;Prefeitura Municipal de Tuparetama - PE;2615904;PE;DCA-Anexo I-C;Padrão;Receitas Brutas Realizadas;RO1.7.2.8.10.0.0;1.7.2.8.10.0.0 - Transferência de Convênios dos Estados e do Distrito Federal e de Suas Entidades;215463,37;8256
2021;Prefeitura Municipal de Tuparetama - PE;2615904;PE;DCA-Anexo I-C;Padrão;Receitas Brutas Realizadas;RO1.7.2.8.10.1.0;1.7.2.8.10.1.0 - Transferências de Convênio dos Estados para o Sistema Único de Saúde ¿ SUS;189814,15;8256
2021;Prefeitura Municipal de Tuparetama - PE;2615904;PE;DCA-Anexo I-C;Padrão;Receitas Brutas Realizadas;RO1.7.2.8.10.9.0;1.7.2.8.10.9.0 - Outras Transferências de Convênio dos Estados;25649,22;8256
2021;Prefeitura Municipal de Tuparetama - PE;2615904;PE;DCA-Anexo I-C;Padrão;Receitas Brutas Realizadas;RO1.7.2.8.99.0.0;1.7.2.8.99.0.0 - Outras Transferências dos Estados;96570,77;8256
2021;Prefeitura Municipal de Tuparetama - PE;2615904;PE;DCA-Anexo I-C;Padrão;Receitas Brutas Realizadas;RO1.7.5.0.00.0.0;1.7.5.0.00.0.0 - Transferências de Outras Instituições Públicas;6884037,15;8256
2021;Prefeitura Municipal de Tuparetama - PE;2615904;PE;DCA-Anexo I-C;Padrão;Receitas Brutas Realizadas;RO1.7.5.8.00.0.0;1.7.5.8.00.0.0 - Transferências de Outras Instituições Públicas - Específicas de Estados, DF e Municípios;6884037,15;8256
2021;Prefeitura Municipal de Tuparetama - PE;2615904;PE;DCA-Anexo I-C;Padrão;Receitas Brutas Realizadas;RO1.7.5.8.01.0.0;1.7.5.8.01.0.0 - Transferências de Recursos do Fundo de Manutenção e Desenvolvimento da Educação Básica e de Valorização dos Profissionais da Educação ¿ FUNDEB;6884037,15;8256
2021;Prefeitura Municipal de Tuparetama - PE;2615904;PE;DCA-Anexo I-C;Padrão;Receitas Brutas Realizadas;RO1.9.0.0.00.0.0;1.9.0.0.00.0.0 - Outras Receitas Correntes;10591,67;8256
2021;Prefeitura Municipal de Tuparetama - PE;2615904;PE;DCA-Anexo I-C;Padrão;Receitas Brutas Realizadas;RO1.9.2.0.00.0.0;1.9.2.0.00.0.0 - Indenizações, Restituições e Ressarcimentos;1324,47;8256
2021;Prefeitura Municipal de Tuparetama - PE;2615904;PE;DCA-Anexo I-C;Padrão;Receitas Brutas Realizadas;RO1.9.2.8.00.0.0;1.9.2.8.00.0.0 - Indenizações, Restituições e Ressarcimentos - Específicas para Estados/DF/Municípios;1324,47;8256
2021;Prefeitura Municipal de Tuparetama - PE;2615904;PE;DCA-Anexo I-C;Padrão;Receitas Brutas Realizadas;RO1.9.2.8.02.0.0;1.9.2.8.02.0.0 - Restituições - Específicas para Estados/DF/Municípios;1324,47;8256
2021;Prefeitura Municipal de Tuparetama - PE;2615904;PE;DCA-Anexo I-C;Padrão;Receitas Brutas Realizadas;RO1.9.2.8.02.9.0;1.9.2.8.02.9.0 - Outras Restituições - Específicas para Estados/DF/Municípios - Não Especificadas Anteriormente;1324,47;8256
2021;Prefeitura Municipal de Tuparetama - PE;2615904;PE;DCA-Anexo I-C;Padrão;Receitas Brutas Realizadas;RO1.9.9.0.00.0.0;1.9.9.0.00.0.0 - Demais Receitas Correntes;9267,20;8256
2021;Prefeitura Municipal de Tuparetama - PE;2615904;PE;DCA-Anexo I-C;Padrão;Receitas Brutas Realizadas;RO1.9.9.0.03.0.0;1.9.9.0.03.0.0 - Compensações Financeiras entre o Regime Geral e os Regimes Próprios de Previdência dos Servidores;9248,04;8256
2021;Prefeitura Municipal de Tuparetama - PE;2615904;PE;DCA-Anexo I-C;Padrão;Receitas Brutas Realizadas;RO1.9.9.0.99.0.0;1.9.9.0.99.0.0 - Outras Receitas;19,16;8256
2021;Prefeitura Municipal de Tuparetama - PE;2615904;PE;DCA-Anexo I-C;Padrão;Receitas Brutas Realizadas;RO1.9.9.0.99.1.0;1.9.9.0.99.1.0 - Outras Receitas - Primárias;19,16;8256
2021;Prefeitura Municipal de Tuparetama - PE;2615904;PE;DCA-Anexo I-C;Padrão;Receitas Brutas Realizadas;RO2.0.0.0.00.0.0;2.0.0.0.00.0.0 - Receitas de Capital;1834269,36;8256
2021;Prefeitura Municipal de Tuparetama - PE;2615904;PE;DCA-Anexo I-C;Padrão;Receitas Brutas Realizadas;RO2.2.0.0.00.0.0;2.2.0.0.00.0.0 - Alienação de Bens;57047,50;8256
2021;Prefeitura Municipal de Tuparetama - PE;2615904;PE;DCA-Anexo I-C;Padrão;Receitas Brutas Realizadas;RO2.2.1.0.00.0.0;2.2.1.0.00.0.0 - Alienação de Bens Móveis;57047,50;8256
2021;Prefeitura Municipal de Tuparetama - PE;2615904;PE;DCA-Anexo I-C;Padrão;Receitas Brutas Realizadas;RO2.2.1.3.00.0.0;2.2.1.3.00.0.0 - Alienação de Bens Móveis e Semoventes;57047,50;8256
2021;Prefeitura Municipal de Tuparetama - PE;2615904;PE;DCA-Anexo I-C;Padrão;Receitas Brutas Realizadas;RO2.4.0.0.00.0.0;2.4.0.0.00.0.0 - Transferências de Capital;1777221,86;8256
2021;Prefeitura Municipal de Tuparetama - PE;2615904;PE;DCA-Anexo I-C;Padrão;Receitas Brutas Realizadas;RO2.4.1.0.00.0.0;2.4.1.0.00.0.0 - Transferências da União e de suas Entidades;1639229,36;8256
2021;Prefeitura Municipal de Tuparetama - PE;2615904;PE;DCA-Anexo I-C;Padrão;Receitas Brutas Realizadas;RO2.4.1.8.00.0.0;2.4.1.8.00.0.0 - Transferências da União - Específicas de Estados, DF e Municípios;1639229,36;8256
2021;Prefeitura Municipal de Tuparetama - PE;2615904;PE;DCA-Anexo I-C;Padrão;Receitas Brutas Realizadas;RO2.4.1.8.03.0.0;2.4.1.8.03.0.0 - Transferência de Recursos do Sistema Único de Saúde ¿ SUS ¿ Fundo a Fundo - Bloco de Manutenção das Ações e Serviços Públicos de Saúde;365306,00;8256
2021;Prefeitura Municipal de Tuparetama - PE;2615904;PE;DCA-Anexo I-C;Padrão;Receitas Brutas Realizadas;RO2.4.1.8.03.1.0;2.4.1.8.03.1.0 - Transferência de Recursos do SUS ¿ Atenção Primária;365306,00;8256
2021;Prefeitura Municipal de Tuparetama - PE;2615904;PE;DCA-Anexo I-C;Padrão;Receitas Brutas Realizadas;RO2.4.1.8.10.0.0;2.4.1.8.10.0.0 - Transferência de Convênios da União e de suas Entidades;1273923,36;8256
2021;Prefeitura Municipal de Tuparetama - PE;2615904;PE;DCA-Anexo I-C;Padrão;Receitas Brutas Realizadas;RO2.4.1.8.10.2.0;2.4.1.8.10.2.0 - Transferências de Convênio da União destinadas a Programas de Educação;1151436,50;8256
2021;Prefeitura Municipal de Tuparetama - PE;2615904;PE;DCA-Anexo I-C;Padrão;Receitas Brutas Realizadas;RO2.4.1.8.10.9.0;2.4.1.8.10.9.0 - Outras Transferências de Convênios da União;122486,86;8256
2021;Prefeitura Municipal de Tuparetama - PE;2615904;PE;DCA-Anexo I-C;Padrão;Receitas Brutas Realizadas;RO2.4.2.0.00.0.0;2.4.2.0.00.0.0 - Transferências dos Estados e do Distrito Federal e de suas Entidades;137992,50;8256
2021;Prefeitura Municipal de Tuparetama - PE;2615904;PE;DCA-Anexo I-C;Padrão;Receitas Brutas Realizadas;RO2.4.2.8.00.0.0;2.4.2.8.00.0.0 - Transferências dos Estados, Distrito Federal, e de suas Entidades;137992,50;8256
2021;Prefeitura Municipal de Tuparetama - PE;2615904;PE;DCA-Anexo I-C;Padrão;Receitas Brutas Realizadas;RO2.4.2.8.10.0.0;2.4.2.8.10.0.0 - Transferências de Convênios dos Estados e do Distrito Federal e de suas Entidades;137992,50;8256
2021;Prefeitura Municipal de Tuparetama - PE;2615904;PE;DCA-Anexo I-C;Padrão;Receitas Brutas Realizadas;RO2.4.2.8.10.9.0;2.4.2.8.10.9.0 - Outras Transferências de Convênio dos Estados;137992,50;8256
2021;Prefeitura Municipal de Tuparetama - PE;2615904;PE;DCA-Anexo I-C;Padrão;Receitas Brutas Realizadas;ReceitasIntraOrcamentarias;RECEITAS (INTRA-ORÇAMENTÁRIAS) (II);4339805,07;8256
2021;Prefeitura Municipal de Tuparetama - PE;2615904;PE;DCA-Anexo I-C;Padrão;Receitas Brutas Realizadas;RI7.0.0.0.00.0.0;7.0.0.0.00.0.0 - Receitas Correntes;4339805,07;8256
2021;Prefeitura Municipal de Tuparetama - PE;2615904;PE;DCA-Anexo I-C;Padrão;Receitas Brutas Realizadas;RI7.2.0.0.00.0.0;7.2.0.0.00.0.0 - Contribuições;4339805,07;8256
2021;Prefeitura Municipal de Tuparetama - PE;2615904;PE;DCA-Anexo I-C;Padrão;Receitas Brutas Realizadas;RI7.2.1.0.00.0.0;7.2.1.0.00.0.0 - Contribuições Sociais;4339805,07;8256
2021;Prefeitura Municipal de Tuparetama - PE;2615904;PE;DCA-Anexo I-C;Padrão;Receitas Brutas Realizadas;RI7.2.1.8.00.0.0;7.2.1.8.00.0.0 - Contribuições Sociais Específicas de Estados, DF e   Municípios;4339805,07;8256
2021;Prefeitura Municipal de Tuparetama - PE;2615904;PE;DCA-Anexo I-C;Padrão;Receitas Brutas Realizadas;RI7.2.1.8.03.0.0;7.2.1.8.03.0.0 - CPSSS Patronal - Servidor Civil - Específico de EST/DF/MUN;3891978,91;8256
2021;Prefeitura Municipal de Tuparetama - PE;2615904;PE;DCA-Anexo I-C;Padrão;Receitas Brutas Realizadas;RI7.2.1.8.03.1.0;7.2.1.8.03.1.0 - CPSSS Patronal - Servidor Civil Ativo;3891978,91;8256
2021;Prefeitura Municipal de Tuparetama - PE;2615904;PE;DCA-Anexo I-C;Padrão;Receitas Brutas Realizadas;RI7.2.1.8.04.0.0;7.2.1.8.04.0.0 - CPSSS Patronal - Parcelamentos - Específico de EST/DF/MUN;447826,16;8256
2021;Prefeitura Municipal de Tuparetama - PE;2615904;PE;DCA-Anexo I-C;Padrão;Receitas Brutas Realizadas;RI7.2.1.8.04.1.0;7.2.1.8.04.1.0 - CPSSS Patronal - Parcelamentos - Servidor Civil Ativo;447826,16;8256
2021;Prefeitura Municipal de Tuparetama - PE;2615904;PE;DCA-Anexo I-C;Padrão;Receitas Brutas Realizadas;TotalReceitas;TOTAL DAS RECEITAS (III) = (I + II);40621109,52;8256
2021;Prefeitura Municipal de Tuparetama - PE;2615904;PE;DCA-Anexo I-C;Padrão;Deduções - FUNDEB;TotalReceitas;TOTAL DAS RECEITAS (III) = (I + II);3445116,76;8256
2022;Prefeitura Municipal de Tuparetama - PE;2615904;PE;DCA-Anexo I-C;Padrão;Receitas Brutas Realizadas;ReceitasExcetoIntraOrcamentarias;RECEITAS (EXCETO INTRA-ORÇAMENTÁRIAS) (I);42514815,51;8266
2022;Prefeitura Municipal de Tuparetama - PE;2615904;PE;DCA-Anexo I-C;Padrão;Deduções - FUNDEB;ReceitasExcetoIntraOrcamentarias;RECEITAS (EXCETO INTRA-ORÇAMENTÁRIAS) (I);4182173,06;8266
2022;Prefeitura Municipal de Tuparetama - PE;2615904;PE;DCA-Anexo I-C;Padrão;Receitas Brutas Realizadas;RO1.0.0.0.00.0.0;1.0.0.0.00.0.0 - Receitas Correntes;41108405,76;8266
2022;Prefeitura Municipal de Tuparetama - PE;2615904;PE;DCA-Anexo I-C;Padrão;Deduções - FUNDEB;RO1.0.0.0.00.0.0;1.0.0.0.00.0.0 - Receitas Correntes;4182173,06;8266
2022;Prefeitura Municipal de Tuparetama - PE;2615904;PE;DCA-Anexo I-C;Padrão;Receitas Brutas Realizadas;RO1.1.0.0.00.0.0;1.1.0.0.00.0.0 - Impostos, Taxas e Contribuições de Melhoria;1905278,03;8266
2022;Prefeitura Municipal de Tuparetama - PE;2615904;PE;DCA-Anexo I-C;Padrão;Receitas Brutas Realizadas;RO1.1.1.0.00.0.0;1.1.1.0.00.0.0 - Impostos;1591344,02;8266
2022;Prefeitura Municipal de Tuparetama - PE;2615904;PE;DCA-Anexo I-C;Padrão;Receitas Brutas Realizadas;RO1.1.1.2.00.0.0;1.1.1.2.00.0.0 - Impostos sobre o Patrimônio;275655,29;8266
2022;Prefeitura Municipal de Tuparetama - PE;2615904;PE;DCA-Anexo I-C;Padrão;Receitas Brutas Realizadas;RO1.1.1.2.50.0.0;1.1.1.2.50.0.0 - Imposto sobre a Propriedade Predial e Territorial Urbana;252584,55;8266
2022;Prefeitura Municipal de Tuparetama - PE;2615904;PE;DCA-Anexo I-C;Padrão;Receitas Brutas Realizadas;RO1.1.1.2.53.0.0;"1.1.1.2.53.0.0 - Impostos sobre Transmissão ""Inter Vivos"" de Bens Imóveis e de Direitos Reais sobre Imóveis";23070,74;8266
2022;Prefeitura Municipal de Tuparetama - PE;2615904;PE;DCA-Anexo I-C;Padrão;Receitas Brutas Realizadas;RO1.1.1.3.00.0.0;1.1.1.3.00.0.0 - Impostos sobre a Renda e Proventos de Qualquer Natureza;728010,26;8266
2022;Prefeitura Municipal de Tuparetama - PE;2615904;PE;DCA-Anexo I-C;Padrão;Receitas Brutas Realizadas;RO1.1.1.3.03.0.0;1.1.1.3.03.0.0 - Imposto sobre a Renda - Retido na Fonte;728010,26;8266
2022;Prefeitura Municipal de Tuparetama - PE;2615904;PE;DCA-Anexo I-C;Padrão;Receitas Brutas Realizadas;RO1.1.1.3.03.1.0;1.1.1.3.03.1.0 - Imposto sobre a Renda - Retido na Fonte - Trabalho;708404,78;8266
2022;Prefeitura Municipal de Tuparetama - PE;2615904;PE;DCA-Anexo I-C;Padrão;Receitas Brutas Realizadas;RO1.1.1.3.03.4.0;1.1.1.3.03.4.0 - Imposto sobre a Renda - Retido na Fonte - Outros Rendimentos;19605,48;8266
2022;Prefeitura Municipal de Tuparetama - PE;2615904;PE;DCA-Anexo I-C;Padrão;Receitas Brutas Realizadas;RO1.1.1.4.00.0.0;1.1.1.4.00.0.0 - Impostos sobre a Produção e Circulação de Mercadorias e Serviços;587678,47;8266
2022;Prefeitura Municipal de Tuparetama - PE;2615904;PE;DCA-Anexo I-C;Padrão;Receitas Brutas Realizadas;RO1.1.1.4.51.0.0;1.1.1.4.51.0.0 - Impostos sobre Serviços;587678,47;8266
2022;Prefeitura Municipal de Tuparetama - PE;2615904;PE;DCA-Anexo I-C;Padrão;Receitas Brutas Realizadas;RO1.1.1.4.51.1.0;1.1.1.4.51.1.0 - Imposto sobre Serviços de Qualquer Natureza - ISSQN;587678,47;8266
2022;Prefeitura Municipal de Tuparetama - PE;2615904;PE;DCA-Anexo I-C;Padrão;Receitas Brutas Realizadas;RO1.1.2.0.00.0.0;1.1.2.0.00.0.0 - Taxas;110055,79;8266
2022;Prefeitura Municipal de Tuparetama - PE;2615904;PE;DCA-Anexo I-C;Padrão;Receitas Brutas Realizadas;RO1.1.2.1.00.0.0;1.1.2.1.00.0.0 - Taxas pelo Exercício do Poder de Polícia;71804,63;8266
2022;Prefeitura Municipal de Tuparetama - PE;2615904;PE;DCA-Anexo I-C;Padrão;Receitas Brutas Realizadas;RO1.1.2.1.01.0.0;1.1.2.1.01.0.0 - Taxas de Inspeção, Controle e Fiscalização;71804,63;8266
2022;Prefeitura Municipal de Tuparetama - PE;2615904;PE;DCA-Anexo I-C;Padrão;Receitas Brutas Realizadas;RO1.1.2.2.00.0.0;1.1.2.2.00.0.0 - Taxas pela Prestação de Serviços;38251,16;8266
2022;Prefeitura Municipal de Tuparetama - PE;2615904;PE;DCA-Anexo I-C;Padrão;Receitas Brutas Realizadas;RO1.1.2.2.01.0.0;1.1.2.2.01.0.0 - Taxas pela Prestação de Serviços;38251,16;8266
2022;Prefeitura Municipal de Tuparetama - PE;2615904;PE;DCA-Anexo I-C;Padrão;Receitas Brutas Realizadas;RO1.1.3.0.00.0.0;1.1.3.0.00.0.0 - Contribuição de Melhoria;203878,22;8266
2022;Prefeitura Municipal de Tuparetama - PE;2615904;PE;DCA-Anexo I-C;Padrão;Receitas Brutas Realizadas;RO1.1.3.1.00.0.0;1.1.3.1.00.0.0 - Contribuição de Melhoria;203878,22;8266
2022;Prefeitura Municipal de Tuparetama - PE;2615904;PE;DCA-Anexo I-C;Padrão;Receitas Brutas Realizadas;RO1.1.3.1.51.0.0;1.1.3.1.51.0.0 - Contribuição de Melhoria para Expansão da Rede de Iluminação Pública na Cidade;203878,22;8266
2022;Prefeitura Municipal de Tuparetama - PE;2615904;PE;DCA-Anexo I-C;Padrão;Receitas Brutas Realizadas;RO1.2.0.0.00.0.0;1.2.0.0.00.0.0 - Contribuições;895288,76;8266
2022;Prefeitura Municipal de Tuparetama - PE;2615904;PE;DCA-Anexo I-C;Padrão;Receitas Brutas Realizadas;RO1.2.1.0.00.0.0;1.2.1.0.00.0.0 - Contribuições Sociais;895288,76;8266
2022;Prefeitura Municipal de Tuparetama - PE;2615904;PE;DCA-Anexo I-C;Padrão;Receitas Brutas Realizadas;RO1.2.1.5.00.0.0;1.2.1.5.00.0.0 - Contribuições para Regimes Próprios de Previdência e Sistema de Proteção Social;895288,76;8266
2022;Prefeitura Municipal de Tuparetama - PE;2615904;PE;DCA-Anexo I-C;Padrão;Receitas Brutas Realizadas;RO1.2.1.5.01.0.0;1.2.1.5.01.0.0 - Contribuição do Servidor Civil;895288,76;8266
2022;Prefeitura Municipal de Tuparetama - PE;2615904;PE;DCA-Anexo I-C;Padrão;Receitas Brutas Realizadas;RO1.2.1.5.01.1.0;1.2.1.5.01.1.0 - Contribuição do Servidor Civil Ativo;895288,76;8266
2022;Prefeitura Municipal de Tuparetama - PE;2615904;PE;DCA-Anexo I-C;Padrão;Receitas Brutas Realizadas;RO1.3.0.0.00.0.0;1.3.0.0.00.0.0 - Receita Patrimonial;398575,20;8266
2022;Prefeitura Municipal de Tuparetama - PE;2615904;PE;DCA-Anexo I-C;Padrão;Receitas Brutas Realizadas;RO1.3.2.0.00.0.0;1.3.2.0.00.0.0 - Valores Mobiliários;398575,20;8266
2022;Prefeitura Municipal de Tuparetama - PE;2615904;PE;DCA-Anexo I-C;Padrão;Receitas Brutas Realizadas;RO1.3.2.1.00.0.0;1.3.2.1.00.0.0 - Juros e Correções Monetárias;398575,20;8266
2022;Prefeitura Municipal de Tuparetama - PE;2615904;PE;DCA-Anexo I-C;Padrão;Receitas Brutas Realizadas;RO1.3.2.1.01.0.0;1.3.2.1.01.0.0 - Remuneração de Depósitos Bancários;142528,91;8266
2022;Prefeitura Municipal de Tuparetama - PE;2615904;PE;DCA-Anexo I-C;Padrão;Receitas Brutas Realizadas;RO1.3.2.1.02.0.0;1.3.2.1.02.0.0 - Remuneração de Depósitos Especiais;44885,75;8266
2022;Prefeitura Municipal de Tuparetama - PE;2615904;PE;DCA-Anexo I-C;Padrão;Receitas Brutas Realizadas;RO1.3.2.1.04.0.0;1.3.2.1.04.0.0 - Remuneração dos Recursos do Regime Próprio de Previdência Social - RPPS;211160,54;8266
2022;Prefeitura Municipal de Tuparetama - PE;2615904;PE;DCA-Anexo I-C;Padrão;Receitas Brutas Realizadas;RO1.7.0.0.00.0.0;1.7.0.0.00.0.0 - Transferências Correntes;37591702,47;8266
2022;Prefeitura Municipal de Tuparetama - PE;2615904;PE;DCA-Anexo I-C;Padrão;Deduções - FUNDEB;RO1.7.0.0.00.0.0;1.7.0.0.00.0.0 - Transferências Correntes;4182173,06;8266
2022;Prefeitura Municipal de Tuparetama - PE;2615904;PE;DCA-Anexo I-C;Padrão;Receitas Brutas Realizadas;RO1.7.1.0.00.0.0;1.7.1.0.00.0.0 - Transferências da União e de suas Entidades;23224888,15;8266
2022;Prefeitura Municipal de Tuparetama - PE;2615904;PE;DCA-Anexo I-C;Padrão;Deduções - FUNDEB;RO1.7.1.0.00.0.0;1.7.1.0.00.0.0 - Transferências da União e de suas Entidades;2928294,63;8266
2022;Prefeitura Municipal de Tuparetama - PE;2615904;PE;DCA-Anexo I-C;Padrão;Receitas Brutas Realizadas;RO1.7.1.1.00.0.0;1.7.1.1.00.0.0 - Transferências Decorrentes de Participação na Receita da União;15886174,25;8266
2022;Prefeitura Municipal de Tuparetama - PE;2615904;PE;DCA-Anexo I-C;Padrão;Deduções - FUNDEB;RO1.7.1.1.00.0.0;1.7.1.1.00.0.0 - Transferências Decorrentes de Participação na Receita da União;2928294,63;8266
2022;Prefeitura Municipal de Tuparetama - PE;2615904;PE;DCA-Anexo I-C;Padrão;Receitas Brutas Realizadas;RO1.7.1.1.51.0.0;1.7.1.1.51.0.0 -Cota-Parte do Fundo de Participação dos Municípios - FPM;15884978,01;8266
2022;Prefeitura Municipal de Tuparetama - PE;2615904;PE;DCA-Anexo I-C;Padrão;Deduções - FUNDEB;RO1.7.1.1.51.0.0;1.7.1.1.51.0.0 -Cota-Parte do Fundo de Participação dos Municípios - FPM;2928055,43;8266
2022;Prefeitura Municipal de Tuparetama - PE;2615904;PE;DCA-Anexo I-C;Padrão;Receitas Brutas Realizadas;RO1.7.1.1.51.1.0;1.7.1.1.51.1.0 - Cota-Parte do Fundo de Participação dos Municípios - Cota Mensal;14640278,57;8266
2022;Prefeitura Municipal de Tuparetama - PE;2615904;PE;DCA-Anexo I-C;Padrão;Deduções - FUNDEB;RO1.7.1.1.51.1.0;1.7.1.1.51.1.0 - Cota-Parte do Fundo de Participação dos Municípios - Cota Mensal;2928055,43;8266
2022;Prefeitura Municipal de Tuparetama - PE;2615904;PE;DCA-Anexo I-C;Padrão;Receitas Brutas Realizadas;RO1.7.1.1.51.2.0;1.7.1.1.51.2.0 - Cota-Parte do Fundo de Participação do Municípios ¿ 1% Cota entregue no mês de dezembro;642383,56;8266
2022;Prefeitura Municipal de Tuparetama - PE;2615904;PE;DCA-Anexo I-C;Padrão;Receitas Brutas Realizadas;RO1.7.1.1.51.3.0;1.7.1.1.51.3.0 - Cota-Parte do Fundo de Participação dos Municípios - 1% Cota entregue no mês de julho;602315,88;8266
2022;Prefeitura Municipal de Tuparetama - PE;2615904;PE;DCA-Anexo I-C;Padrão;Receitas Brutas Realizadas;RO1.7.1.1.52.0.0;1.7.1.1.52.0.0 - Cota-Parte do Imposto Sobre a Propriedade Territorial Rural;1196,24;8266
2022;Prefeitura Municipal de Tuparetama - PE;2615904;PE;DCA-Anexo I-C;Padrão;Deduções - FUNDEB;RO1.7.1.1.52.0.0;1.7.1.1.52.0.0 - Cota-Parte do Imposto Sobre a Propriedade Territorial Rural;239,20;8266
2022;Prefeitura Municipal de Tuparetama - PE;2615904;PE;DCA-Anexo I-C;Padrão;Receitas Brutas Realizadas;RO1.7.1.2.00.0.0;1.7.1.2.00.0.0 -Transferências das Compensações Financeiras pela Exploração de Recursos Naturais;354407,50;8266
2022;Prefeitura Municipal de Tuparetama - PE;2615904;PE;DCA-Anexo I-C;Padrão;Receitas Brutas Realizadas;RO1.7.1.2.52.0.0;1.7.1.2.52.0.0 - Cota-parte da Compensação Financeira pela Produção de Petróleo;354407,50;8266
2022;Prefeitura Municipal de Tuparetama - PE;2615904;PE;DCA-Anexo I-C;Padrão;Receitas Brutas Realizadas;RO1.7.1.2.52.4.0;1.7.1.2.52.4.0 - Cota-Parte do Fundo Especial do Petróleo ¿ FEP;354407,50;8266
2022;Prefeitura Municipal de Tuparetama - PE;2615904;PE;DCA-Anexo I-C;Padrão;Receitas Brutas Realizadas;RO1.7.1.3.00.0.0;1.7.1.3.00.0.0 -Transferências de Recursos do Sistema Único de Saúde ¿ SUS ;3683661,71;8266
2022;Prefeitura Municipal de Tuparetama - PE;2615904;PE;DCA-Anexo I-C;Padrão;Receitas Brutas Realizadas;RO1.7.1.3.50.0.0;1.7.1.3.50.0.0 - Transferências de Recursos do Sistema Único de Saúde ¿ SUS ¿ Repasses Fundo a Fundo - Bloco de Manutenção das Ações e Serviços Públicos de Saúde;3683661,71;8266
2022;Prefeitura Municipal de Tuparetama - PE;2615904;PE;DCA-Anexo I-C;Padrão;Receitas Brutas Realizadas;RO1.7.1.3.50.1.0;1.7.1.3.50.1.0 - Transferências de Recursos do Bloco de Manutenção das Ações e Serviços Públicos de Saúde ¿ Atenção Primária;2546420,56;8266
2022;Prefeitura Municipal de Tuparetama - PE;2615904;PE;DCA-Anexo I-C;Padrão;Receitas Brutas Realizadas;RO1.7.1.3.50.2.0;1.7.1.3.50.2.0 - Transferências de Recursos do Bloco de Manutenção das Ações e Serviços Públicos de Saúde ¿ Atenção Especializada;881834,56;8266
2022;Prefeitura Municipal de Tuparetama - PE;2615904;PE;DCA-Anexo I-C;Padrão;Receitas Brutas Realizadas;RO1.7.1.3.50.3.0;1.7.1.3.50.3.0 - Transferências de Recursos do Bloco de Manutenção das Ações e Serviços Públicos de Saúde ¿ Vigilância em Saúde;183362,86;8266
2022;Prefeitura Municipal de Tuparetama - PE;2615904;PE;DCA-Anexo I-C;Padrão;Receitas Brutas Realizadas;RO1.7.1.3.50.4.0;1.7.1.3.50.4.0 -Transferências de Recursos do Bloco de Manutenção das Ações e Serviços Públicos de Saúde ¿ Assistência Farmacêutica;69249,89;8266
2022;Prefeitura Municipal de Tuparetama - PE;2615904;PE;DCA-Anexo I-C;Padrão;Receitas Brutas Realizadas;RO1.7.1.3.50.5.0;1.7.1.3.50.5.0 - Transferências de Recursos do Bloco de Manutenção das Ações e Serviços Públicos de Saúde ¿ Gestão do SUS;2793,84;8266
2022;Prefeitura Municipal de Tuparetama - PE;2615904;PE;DCA-Anexo I-C;Padrão;Receitas Brutas Realizadas;RO1.7.1.4.00.0.0;1.7.1.4.00.0.0 -Transferências de Recursos do Fundo Nacional do Desenvolvimento da Educação ¿ FNDE¿ ;517743,35;8266
2022;Prefeitura Municipal de Tuparetama - PE;2615904;PE;DCA-Anexo I-C;Padrão;Receitas Brutas Realizadas;RO1.7.1.4.50.0.0;1.7.1.4.50.0.0 - Transferências do Salário-Educação;270343,26;8266
2022;Prefeitura Municipal de Tuparetama - PE;2615904;PE;DCA-Anexo I-C;Padrão;Receitas Brutas Realizadas;RO1.7.1.4.52.0.0;1.7.1.4.52.0.0 - Transferências referentes ao Programa Nacional de Alimentação Escolar ¿ PNAE;139566,00;8266
2022;Prefeitura Municipal de Tuparetama - PE;2615904;PE;DCA-Anexo I-C;Padrão;Receitas Brutas Realizadas;RO1.7.1.4.53.0.0;1.7.1.4.53.0.0 - Transferências referentes ao Programa Nacional de Apoio ao Transporte do Escolar ¿ PNATE;107834,09;8266
2022;Prefeitura Municipal de Tuparetama - PE;2615904;PE;DCA-Anexo I-C;Padrão;Receitas Brutas Realizadas;RO1.7.1.5.00.0.0;1.7.1.5.00.0.0 - Transferências de Recursos de Complementação da União ao Fundo de Manutenção e Desenvolvimento da Educação Básica e de Valorização dos Profissionais da Educação ¿ FUNDEB ;1827351,44;8266
2022;Prefeitura Municipal de Tuparetama - PE;2615904;PE;DCA-Anexo I-C;Padrão;Receitas Brutas Realizadas;RO1.7.1.6.00.0.0;1.7.1.6.00.0.0 - Transferências de Recursos do Fundo Nacional de Assistência Social ¿ FNAS;281552,42;8266
2022;Prefeitura Municipal de Tuparetama - PE;2615904;PE;DCA-Anexo I-C;Padrão;Receitas Brutas Realizadas;RO1.7.1.7.00.0.0;1.7.1.7.00.0.0 - Transferências de Convênios da União e de Suas Entidades;400000,00;8266
2022;Prefeitura Municipal de Tuparetama - PE;2615904;PE;DCA-Anexo I-C;Padrão;Receitas Brutas Realizadas;RO1.7.1.7.51.0.0;1.7.1.7.51.0.0 - Transferências de Convênios da União Destinadas a Programas de Educação;400000,00;8266
2022;Prefeitura Municipal de Tuparetama - PE;2615904;PE;DCA-Anexo I-C;Padrão;Receitas Brutas Realizadas;RO1.7.1.9.00.0.0;1.7.1.9.00.0.0 - Outras Transferências de Recursos da União e de suas Entidades;273997,48;8266
2022;Prefeitura Municipal de Tuparetama - PE;2615904;PE;DCA-Anexo I-C;Padrão;Receitas Brutas Realizadas;RO1.7.1.9.99.0.0;1.7.1.9.99.0.0 - Outras Transferências de Recursos da União e de suas Entidades;273997,48;8266
2022;Prefeitura Municipal de Tuparetama - PE;2615904;PE;DCA-Anexo I-C;Padrão;Receitas Brutas Realizadas;RO1.7.2.0.00.0.0;1.7.2.0.00.0.0 - Transferências dos Estados e do Distrito Federal e de suas Entidades;7016017,95;8266
2022;Prefeitura Municipal de Tuparetama - PE;2615904;PE;DCA-Anexo I-C;Padrão;Deduções - FUNDEB;RO1.7.2.0.00.0.0;1.7.2.0.00.0.0 - Transferências dos Estados e do Distrito Federal e de suas Entidades;1253878,43;8266
2022;Prefeitura Municipal de Tuparetama - PE;2615904;PE;DCA-Anexo I-C;Padrão;Receitas Brutas Realizadas;RO1.7.2.1.00.0.0;1.7.2.1.00.0.0 - Participação na Receita dos Estados e Distrito Federal;6277642,67;8266
2022;Prefeitura Municipal de Tuparetama - PE;2615904;PE;DCA-Anexo I-C;Padrão;Deduções - FUNDEB;RO1.7.2.1.00.0.0;1.7.2.1.00.0.0 - Participação na Receita dos Estados e Distrito Federal;1253878,43;8266
2022;Prefeitura Municipal de Tuparetama - PE;2615904;PE;DCA-Anexo I-C;Padrão;Receitas Brutas Realizadas;RO1.7.2.1.50.0.0;1.7.2.1.50.0.0 - Cota-Parte do ICMS;5603557,88;8266
2022;Prefeitura Municipal de Tuparetama - PE;2615904;PE;DCA-Anexo I-C;Padrão;Deduções - FUNDEB;RO1.7.2.1.50.0.0;1.7.2.1.50.0.0 - Cota-Parte do ICMS;1120711,65;8266
2022;Prefeitura Municipal de Tuparetama - PE;2615904;PE;DCA-Anexo I-C;Padrão;Receitas Brutas Realizadas;RO1.7.2.1.51.0.0;1.7.2.1.51.0.0 - Cota-Parte do IPVA;627166,45;8266
2022;Prefeitura Municipal de Tuparetama - PE;2615904;PE;DCA-Anexo I-C;Padrão;Deduções - FUNDEB;RO1.7.2.1.51.0.0;1.7.2.1.51.0.0 - Cota-Parte do IPVA;125433,80;8266
2022;Prefeitura Municipal de Tuparetama - PE;2615904;PE;DCA-Anexo I-C;Padrão;Receitas Brutas Realizadas;RO1.7.2.1.52.0.0;1.7.2.1.52.0.0 - Cota-Parte do IPI - Municípios;38664,75;8266
2022;Prefeitura Municipal de Tuparetama - PE;2615904;PE;DCA-Anexo I-C;Padrão;Deduções - FUNDEB;RO1.7.2.1.52.0.0;1.7.2.1.52.0.0 - Cota-Parte do IPI - Municípios;7732,98;8266
2022;Prefeitura Municipal de Tuparetama - PE;2615904;PE;DCA-Anexo I-C;Padrão;Receitas Brutas Realizadas;RO1.7.2.1.53.0.0;1.7.2.1.53.0.0 - Cota-Parte da Contribuição de Intervenção no Domínio Econômico;8253,59;8266
2022;Prefeitura Municipal de Tuparetama - PE;2615904;PE;DCA-Anexo I-C;Padrão;Receitas Brutas Realizadas;RO1.7.2.4.00.0.0;1.7.2.4.00.0.0 - Transferências de Convênios dos Estados e DF e de Suas Entidades;738375,28;8266
2022;Prefeitura Municipal de Tuparetama - PE;2615904;PE;DCA-Anexo I-C;Padrão;Receitas Brutas Realizadas;RO1.7.2.4.50.0.0;1.7.2.4.50.0.0 - Transferências de Convênios dos Estados e DF para o Sistema Único de Saúde ¿ SUS;200412,69;8266
2022;Prefeitura Municipal de Tuparetama - PE;2615904;PE;DCA-Anexo I-C;Padrão;Receitas Brutas Realizadas;RO1.7.2.4.51.0.0;1.7.2.4.51.0.0 -Transferências de Convênios dos Estados Destinadas a Programas de Educação;407367,17;8266
2022;Prefeitura Municipal de Tuparetama - PE;2615904;PE;DCA-Anexo I-C;Padrão;Receitas Brutas Realizadas;RO1.7.2.4.99.0.0;1.7.2.4.99.0.0 - Outras Transferências de Convênios dos Estados e DF e de Suas Entidades;130595,42;8266
2022;Prefeitura Municipal de Tuparetama - PE;2615904;PE;DCA-Anexo I-C;Padrão;Receitas Brutas Realizadas;RO1.7.5.0.00.0.0;1.7.5.0.00.0.0 - Transferências de Outras Instituições Públicas;7350796,37;8266
2022;Prefeitura Municipal de Tuparetama - PE;2615904;PE;DCA-Anexo I-C;Padrão;Receitas Brutas Realizadas;RO1.7.5.1.00.0.0;1.7.5.1.00.0.0 - Transferências de Recursos do Fundo de Manutenção e Desenvolvimento da Educação Básica e de Valorização dos Profissionais da Educação - FUNDEB;7350796,37;8266
2022;Prefeitura Municipal de Tuparetama - PE;2615904;PE;DCA-Anexo I-C;Padrão;Receitas Brutas Realizadas;RO1.9.0.0.00.0.0;1.9.0.0.00.0.0 - Outras Receitas Correntes;317561,30;8266
2022;Prefeitura Municipal de Tuparetama - PE;2615904;PE;DCA-Anexo I-C;Padrão;Receitas Brutas Realizadas;RO1.9.2.0.00.0.0;1.9.2.0.00.0.0 - Indenizações, Restituições e Ressarcimentos;2832,00;8266
2022;Prefeitura Municipal de Tuparetama - PE;2615904;PE;DCA-Anexo I-C;Padrão;Receitas Brutas Realizadas;RO1.9.2.2.00.0.0;1.9.2.2.00.0.0 - Restituições;1160,00;8266
2022;Prefeitura Municipal de Tuparetama - PE;2615904;PE;DCA-Anexo I-C;Padrão;Receitas Brutas Realizadas;RO1.9.2.2.06.0.0;1.9.2.2.06.0.0 - Restituição de Despesas de Exercícios Anteriores;1160,00;8266
2022;Prefeitura Municipal de Tuparetama - PE;2615904;PE;DCA-Anexo I-C;Padrão;Receitas Brutas Realizadas;RO1.9.2.3.00.0.0;1.9.2.3.00.0.0 - Ressarcimentos;1672,00;8266
2022;Prefeitura Municipal de Tuparetama - PE;2615904;PE;DCA-Anexo I-C;Padrão;Receitas Brutas Realizadas;RO1.9.2.3.99.0.0;1.9.2.3.99.0.0 - Outros Ressarcimentos;1672,00;8266
2022;Prefeitura Municipal de Tuparetama - PE;2615904;PE;DCA-Anexo I-C;Padrão;Receitas Brutas Realizadas;RO1.9.9.0.00.0.0;1.9.9.0.00.0.0 - Demais Receitas Correntes;314729,30;8266
2022;Prefeitura Municipal de Tuparetama - PE;2615904;PE;DCA-Anexo I-C;Padrão;Receitas Brutas Realizadas;RO1.9.9.9.00.0.0;1.9.9.9.00.0.0 - Outras Receitas Correntes;314729,30;8266
2022;Prefeitura Municipal de Tuparetama - PE;2615904;PE;DCA-Anexo I-C;Padrão;Receitas Brutas Realizadas;RO1.9.9.9.03.0.0;1.9.9.9.03.0.0 - Compensações Financeiras entre o Regime Geral e os Regimes Próprios de Previdência e Sistema de Proteção Social;314729,30;8266
2022;Prefeitura Municipal de Tuparetama - PE;2615904;PE;DCA-Anexo I-C;Padrão;Receitas Brutas Realizadas;RO2.0.0.0.00.0.0;2.0.0.0.00.0.0 - Receitas de Capital;1406409,75;8266
2022;Prefeitura Municipal de Tuparetama - PE;2615904;PE;DCA-Anexo I-C;Padrão;Receitas Brutas Realizadas;RO2.4.0.0.00.0.0;2.4.0.0.00.0.0 - Transferências de Capital;1406409,75;8266
2022;Prefeitura Municipal de Tuparetama - PE;2615904;PE;DCA-Anexo I-C;Padrão;Receitas Brutas Realizadas;RO2.4.1.0.00.0.0;2.4.1.0.00.0.0 - Transferências da União e de suas Entidades;1118424,75;8266
2022;Prefeitura Municipal de Tuparetama - PE;2615904;PE;DCA-Anexo I-C;Padrão;Receitas Brutas Realizadas;RO2.4.1.4.00.0.0;2.4.1.4.00.0.0 - Transferências de Convênios da União e de suas Entidades ;1118424,75;8266
2022;Prefeitura Municipal de Tuparetama - PE;2615904;PE;DCA-Anexo I-C;Padrão;Receitas Brutas Realizadas;RO2.4.1.4.50.0.0;2.4.1.4.50.0.0 - Transferências de Convênios da União para o Sistema Único de Saúde ¿ SUS;90000,00;8266
2022;Prefeitura Municipal de Tuparetama - PE;2615904;PE;DCA-Anexo I-C;Padrão;Receitas Brutas Realizadas;RO2.4.1.4.51.0.0;2.4.1.4.51.0.0 - Transferências de Convênios da União destinadas a Programas de Educação;176924,75;8266
2022;Prefeitura Municipal de Tuparetama - PE;2615904;PE;DCA-Anexo I-C;Padrão;Receitas Brutas Realizadas;RO2.4.1.4.99.0.0;2.4.1.4.99.0.0 - Outras Transferências de Convênios da União e de Suas Entidades;851500,00;8266
2022;Prefeitura Municipal de Tuparetama - PE;2615904;PE;DCA-Anexo I-C;Padrão;Receitas Brutas Realizadas;RO2.4.2.0.00.0.0;2.4.2.0.00.0.0 - Transferências dos Estados e do Distrito Federal e de suas Entidades;287985,00;8266
2022;Prefeitura Municipal de Tuparetama - PE;2615904;PE;DCA-Anexo I-C;Padrão;Receitas Brutas Realizadas;RO2.4.2.2.00.0.0;2.4.2.2.00.0.0 - Transferências de Convênios dos Estados e DF e de Suas Entidades ;287985,00;8266
2022;Prefeitura Municipal de Tuparetama - PE;2615904;PE;DCA-Anexo I-C;Padrão;Receitas Brutas Realizadas;RO2.4.2.2.51.0.0;2.4.2.2.51.0.0 - Transferências de Convênios dos Estados destinadas a Programas de Educação;149992,50;8266
2022;Prefeitura Municipal de Tuparetama - PE;2615904;PE;DCA-Anexo I-C;Padrão;Receitas Brutas Realizadas;RO2.4.2.2.99.0.0;2.4.2.2.99.0.0 - Outras Transferências de Convênio dos Estados e DF e de Suas Entidades;137992,50;8266
2022;Prefeitura Municipal de Tuparetama - PE;2615904;PE;DCA-Anexo I-C;Padrão;Receitas Brutas Realizadas;ReceitasIntraOrcamentarias;RECEITAS (INTRA-ORÇAMENTÁRIAS) (II);4013500,29;8266
2022;Prefeitura Municipal de Tuparetama - PE;2615904;PE;DCA-Anexo I-C;Padrão;Receitas Brutas Realizadas;RI7.0.0.0.00.0.0;7.0.0.0.00.0.0 - Receitas Correntes;4013500,29;8266
2022;Prefeitura Municipal de Tuparetama - PE;2615904;PE;DCA-Anexo I-C;Padrão;Receitas Brutas Realizadas;RI7.2.0.0.00.0.0;7.2.0.0.00.0.0 - Contribuições;4013500,29;8266
2022;Prefeitura Municipal de Tuparetama - PE;2615904;PE;DCA-Anexo I-C;Padrão;Receitas Brutas Realizadas;RI7.2.1.0.00.0.0;7.2.1.0.00.0.0 - Contribuições Sociais;4013500,29;8266
2022;Prefeitura Municipal de Tuparetama - PE;2615904;PE;DCA-Anexo I-C;Padrão;Receitas Brutas Realizadas;RI7.2.1.5.00.0.0;7.2.1.5.00.0.0 - Contribuições para Regimes Próprios de Previdência e Sistema de Proteção Social;4013500,29;8266
2022;Prefeitura Municipal de Tuparetama - PE;2615904;PE;DCA-Anexo I-C;Padrão;Receitas Brutas Realizadas;RI7.2.1.5.01.0.0;7.2.1.5.01.0.0 - Contribuição do Servidor Civil;2367722,87;8266
2022;Prefeitura Municipal de Tuparetama - PE;2615904;PE;DCA-Anexo I-C;Padrão;Receitas Brutas Realizadas;RI7.2.1.5.02.0.0;7.2.1.5.02.0.0 - Contribuição Patronal - Servidor Civil;1175107,28;8266
2022;Prefeitura Municipal de Tuparetama - PE;2615904;PE;DCA-Anexo I-C;Padrão;Receitas Brutas Realizadas;RI7.2.1.5.02.1.0;7.2.1.5.02.1.0 - Contribuição Patronal - Servidor Civil Ativo;1175107,28;8266
2022;Prefeitura Municipal de Tuparetama - PE;2615904;PE;DCA-Anexo I-C;Padrão;Receitas Brutas Realizadas;RI7.2.1.5.51.0.0;7.2.1.5.51.0.0 - Contribuição Patronal - Parcelamentos;470670,14;8266
2022;Prefeitura Municipal de Tuparetama - PE;2615904;PE;DCA-Anexo I-C;Padrão;Receitas Brutas Realizadas;RI7.2.1.5.51.1.0;7.2.1.5.51.1.0 - Contribuição Patronal - Servidor Civil Ativo - Parcelamentos;470670,14;8266
2022;Prefeitura Municipal de Tuparetama - PE;2615904;PE;DCA-Anexo I-C;Padrão;Receitas Brutas Realizadas;TotalReceitas;TOTAL DAS RECEITAS (III) = (I + II);46528315,80;8266
2022;Prefeitura Municipal de Tuparetama - PE;2615904;PE;DCA-Anexo I-C;Padrão;Deduções - FUNDEB;TotalReceitas;TOTAL DAS RECEITAS (III) = (I + II);4182173,06;8266
2023;Prefeitura Municipal de Tuparetama - PE;2615904;PE;DCA-Anexo I-C;Padrão;Receitas Brutas Realizadas;ReceitasExcetoIntraOrcamentarias;RECEITAS (EXCETO INTRA-ORÇAMENTÁRIAS) (I);50530273,37;8266
2023;Prefeitura Municipal de Tuparetama - PE;2615904;PE;DCA-Anexo I-C;Padrão;Deduções - FUNDEB;ReceitasExcetoIntraOrcamentarias;RECEITAS (EXCETO INTRA-ORÇAMENTÁRIAS) (I);4550017,90;8266
2023;Prefeitura Municipal de Tuparetama - PE;2615904;PE;DCA-Anexo I-C;Padrão;Receitas Brutas Realizadas;RO1.0.0.0.00.0.0;1.0.0.0.00.0.0 - Receitas Correntes;46334897,16;8266
2023;Prefeitura Municipal de Tuparetama - PE;2615904;PE;DCA-Anexo I-C;Padrão;Deduções - FUNDEB;RO1.0.0.0.00.0.0;1.0.0.0.00.0.0 - Receitas Correntes;4550017,90;8266
2023;Prefeitura Municipal de Tuparetama - PE;2615904;PE;DCA-Anexo I-C;Padrão;Receitas Brutas Realizadas;RO1.1.0.0.00.0.0;1.1.0.0.00.0.0 - Impostos, Taxas e Contribuições de Melhoria;1697930,50;8266
2023;Prefeitura Municipal de Tuparetama - PE;2615904;PE;DCA-Anexo I-C;Padrão;Receitas Brutas Realizadas;RO1.1.1.0.00.0.0;1.1.1.0.00.0.0 - Impostos;1602254,47;8266
2023;Prefeitura Municipal de Tuparetama - PE;2615904;PE;DCA-Anexo I-C;Padrão;Receitas Brutas Realizadas;RO1.1.1.2.00.0.0;1.1.1.2.00.0.0 - Impostos sobre o Patrimônio;282832,86;8266
2023;Prefeitura Municipal de Tuparetama - PE;2615904;PE;DCA-Anexo I-C;Padrão;Receitas Brutas Realizadas;RO1.1.1.2.50.0.0;1.1.1.2.50.0.0 - Imposto sobre a Propriedade Predial e Territorial Urbana;233140,22;8266
2023;Prefeitura Municipal de Tuparetama - PE;2615904;PE;DCA-Anexo I-C;Padrão;Receitas Brutas Realizadas;RO1.1.1.2.53.0.0;"1.1.1.2.53.0.0 - Impostos sobre Transmissão ""Inter Vivos"" de Bens Imóveis e de Direitos Reais sobre Imóveis";49692,64;8266
2023;Prefeitura Municipal de Tuparetama - PE;2615904;PE;DCA-Anexo I-C;Padrão;Receitas Brutas Realizadas;RO1.1.1.3.00.0.0;1.1.1.3.00.0.0 - Impostos sobre a Renda e Proventos de Qualquer Natureza;860623,51;8266
2023;Prefeitura Municipal de Tuparetama - PE;2615904;PE;DCA-Anexo I-C;Padrão;Receitas Brutas Realizadas;RO1.1.1.3.03.0.0;1.1.1.3.03.0.0 - Imposto sobre a Renda - Retido na Fonte;860623,51;8266
2023;Prefeitura Municipal de Tuparetama - PE;2615904;PE;DCA-Anexo I-C;Padrão;Receitas Brutas Realizadas;RO1.1.1.3.03.1.0;1.1.1.3.03.1.0 - Imposto sobre a Renda - Retido na Fonte - Trabalho;841541,25;8266
2023;Prefeitura Municipal de Tuparetama - PE;2615904;PE;DCA-Anexo I-C;Padrão;Receitas Brutas Realizadas;RO1.1.1.3.03.4.0;1.1.1.3.03.4.0 - Imposto sobre a Renda - Retido na Fonte - Outros Rendimentos;19082,26;8266
2023;Prefeitura Municipal de Tuparetama - PE;2615904;PE;DCA-Anexo I-C;Padrão;Receitas Brutas Realizadas;RO1.1.1.4.00.0.0;1.1.1.4.00.0.0 - Impostos sobre a Produção e Circulação de Mercadorias e Serviços;458798,10;8266
2023;Prefeitura Municipal de Tuparetama - PE;2615904;PE;DCA-Anexo I-C;Padrão;Receitas Brutas Realizadas;RO1.1.1.4.51.0.0;1.1.1.4.51.0.0 - Impostos sobre Serviços;458798,10;8266
2023;Prefeitura Municipal de Tuparetama - PE;2615904;PE;DCA-Anexo I-C;Padrão;Receitas Brutas Realizadas;RO1.1.1.4.51.1.0;1.1.1.4.51.1.0 - Imposto sobre Serviços de Qualquer Natureza - ISSQN;458798,10;8266
2023;Prefeitura Municipal de Tuparetama - PE;2615904;PE;DCA-Anexo I-C;Padrão;Receitas Brutas Realizadas;RO1.1.2.0.00.0.0;1.1.2.0.00.0.0 - Taxas;95676,03;8266
2023;Prefeitura Municipal de Tuparetama - PE;2615904;PE;DCA-Anexo I-C;Padrão;Receitas Brutas Realizadas;RO1.1.2.1.00.0.0;1.1.2.1.00.0.0 - Taxas pelo Exercício do Poder de Polícia;67546,57;8266
2023;Prefeitura Municipal de Tuparetama - PE;2615904;PE;DCA-Anexo I-C;Padrão;Receitas Brutas Realizadas;RO1.1.2.1.01.0.0;1.1.2.1.01.0.0 - Taxas de Inspeção, Controle e Fiscalização;67546,57;8266
2023;Prefeitura Municipal de Tuparetama - PE;2615904;PE;DCA-Anexo I-C;Padrão;Receitas Brutas Realizadas;RO1.1.2.2.00.0.0;1.1.2.2.00.0.0 - Taxas pela Prestação de Serviços;28129,46;8266
2023;Prefeitura Municipal de Tuparetama - PE;2615904;PE;DCA-Anexo I-C;Padrão;Receitas Brutas Realizadas;RO1.1.2.2.01.0.0;1.1.2.2.01.0.0 - Taxas pela Prestação de Serviços em Geral;28129,46;8266
2023;Prefeitura Municipal de Tuparetama - PE;2615904;PE;DCA-Anexo I-C;Padrão;Receitas Brutas Realizadas;RO1.2.0.0.00.0.0;1.2.0.0.00.0.0 - Contribuições;1238772,94;8266
2023;Prefeitura Municipal de Tuparetama - PE;2615904;PE;DCA-Anexo I-C;Padrão;Receitas Brutas Realizadas;RO1.2.1.0.00.0.0;1.2.1.0.00.0.0 - Contribuições Sociais;993466,37;8266
2023;Prefeitura Municipal de Tuparetama - PE;2615904;PE;DCA-Anexo I-C;Padrão;Receitas Brutas Realizadas;RO1.2.1.5.00.0.0;1.2.1.5.00.0.0 - Contribuições para Regimes Próprios de Previdência e Sistema de Proteção Social;993466,37;8266
2023;Prefeitura Municipal de Tuparetama - PE;2615904;PE;DCA-Anexo I-C;Padrão;Receitas Brutas Realizadas;RO1.2.1.5.01.0.0;1.2.1.5.01.0.0 - Contribuição do Servidor Civil;993466,37;8266
2023;Prefeitura Municipal de Tuparetama - PE;2615904;PE;DCA-Anexo I-C;Padrão;Receitas Brutas Realizadas;RO1.2.1.5.01.1.0;1.2.1.5.01.1.0 - Contribuição do Servidor Civil Ativo;993466,37;8266
2023;Prefeitura Municipal de Tuparetama - PE;2615904;PE;DCA-Anexo I-C;Padrão;Receitas Brutas Realizadas;RO1.2.4.0.00.0.0;1.2.4.0.00.0.0 - Contribuição para o Custeio do Serviço de Iluminação Pública;245306,57;8266
2023;Prefeitura Municipal de Tuparetama - PE;2615904;PE;DCA-Anexo I-C;Padrão;Receitas Brutas Realizadas;RO1.3.0.0.00.0.0;1.3.0.0.00.0.0 - Receita Patrimonial;467465,05;8266
2023;Prefeitura Municipal de Tuparetama - PE;2615904;PE;DCA-Anexo I-C;Padrão;Receitas Brutas Realizadas;RO1.3.2.0.00.0.0;1.3.2.0.00.0.0 - Valores Mobiliários;467465,05;8266
2023;Prefeitura Municipal de Tuparetama - PE;2615904;PE;DCA-Anexo I-C;Padrão;Receitas Brutas Realizadas;RO1.3.2.1.00.0.0;1.3.2.1.00.0.0 - Juros e Correções Monetárias;467465,05;8266
2023;Prefeitura Municipal de Tuparetama - PE;2615904;PE;DCA-Anexo I-C;Padrão;Receitas Brutas Realizadas;RO1.3.2.1.01.0.0;1.3.2.1.01.0.0 - Remuneração de Depósitos Bancários;161220,40;8266
2023;Prefeitura Municipal de Tuparetama - PE;2615904;PE;DCA-Anexo I-C;Padrão;Receitas Brutas Realizadas;RO1.3.2.1.02.0.0;1.3.2.1.02.0.0 - Remuneração de Depósitos Especiais;64161,47;8266
2023;Prefeitura Municipal de Tuparetama - PE;2615904;PE;DCA-Anexo I-C;Padrão;Receitas Brutas Realizadas;RO1.3.2.1.04.0.0;1.3.2.1.04.0.0 - Remuneração dos Recursos do Regime Próprio de Previdência Social - RPPS;242083,18;8266
2023;Prefeitura Municipal de Tuparetama - PE;2615904;PE;DCA-Anexo I-C;Padrão;Receitas Brutas Realizadas;RO1.7.0.0.00.0.0;1.7.0.0.00.0.0 - Transferências Correntes;42724170,70;8266
2023;Prefeitura Municipal de Tuparetama - PE;2615904;PE;DCA-Anexo I-C;Padrão;Deduções - FUNDEB;RO1.7.0.0.00.0.0;1.7.0.0.00.0.0 - Transferências Correntes;4550017,90;8266
2023;Prefeitura Municipal de Tuparetama - PE;2615904;PE;DCA-Anexo I-C;Padrão;Receitas Brutas Realizadas;RO1.7.1.0.00.0.0;1.7.1.0.00.0.0 - Transferências da União e de suas Entidades;26605118,24;8266
2023;Prefeitura Municipal de Tuparetama - PE;2615904;PE;DCA-Anexo I-C;Padrão;Deduções - FUNDEB;RO1.7.1.0.00.0.0;1.7.1.0.00.0.0 - Transferências da União e de suas Entidades;3012887,05;8266
2023;Prefeitura Municipal de Tuparetama - PE;2615904;PE;DCA-Anexo I-C;Padrão;Receitas Brutas Realizadas;RO1.7.1.1.00.0.0;1.7.1.1.00.0.0 - Transferências Decorrentes de Participação na Receita da União;16554652,43;8266
2023;Prefeitura Municipal de Tuparetama - PE;2615904;PE;DCA-Anexo I-C;Padrão;Deduções - FUNDEB;RO1.7.1.1.00.0.0;1.7.1.1.00.0.0 - Transferências Decorrentes de Participação na Receita da União;3012887,05;8266
2023;Prefeitura Municipal de Tuparetama - PE;2615904;PE;DCA-Anexo I-C;Padrão;Receitas Brutas Realizadas;RO1.7.1.1.51.0.0;1.7.1.1.51.0.0 -Cota-Parte do Fundo de Participação dos Municípios - FPM;16553242,15;8266
2023;Prefeitura Municipal de Tuparetama - PE;2615904;PE;DCA-Anexo I-C;Padrão;Deduções - FUNDEB;RO1.7.1.1.51.0.0;1.7.1.1.51.0.0 -Cota-Parte do Fundo de Participação dos Municípios - FPM;3012605,08;8266
2023;Prefeitura Municipal de Tuparetama - PE;2615904;PE;DCA-Anexo I-C;Padrão;Receitas Brutas Realizadas;RO1.7.1.1.51.1.0;1.7.1.1.51.1.0 - Cota-Parte do Fundo de Participação dos Municípios - Cota Mensal;15063026,78;8266
2023;Prefeitura Municipal de Tuparetama - PE;2615904;PE;DCA-Anexo I-C;Padrão;Deduções - FUNDEB;RO1.7.1.1.51.1.0;1.7.1.1.51.1.0 - Cota-Parte do Fundo de Participação dos Municípios - Cota Mensal;3012605,08;8266
2023;Prefeitura Municipal de Tuparetama - PE;2615904;PE;DCA-Anexo I-C;Padrão;Receitas Brutas Realizadas;RO1.7.1.1.51.2.0;1.7.1.1.51.2.0 - Cota-Parte do Fundo de Participação dos Municípios - Cotas Extraordinárias;1490215,37;8266
2023;Prefeitura Municipal de Tuparetama - PE;2615904;PE;DCA-Anexo I-C;Padrão;Receitas Brutas Realizadas;RO1.7.1.1.52.0.0;1.7.1.1.52.0.0 - Cota-Parte do Imposto Sobre a Propriedade Territorial Rural;1410,28;8266
2023;Prefeitura Municipal de Tuparetama - PE;2615904;PE;DCA-Anexo I-C;Padrão;Deduções - FUNDEB;RO1.7.1.1.52.0.0;1.7.1.1.52.0.0 - Cota-Parte do Imposto Sobre a Propriedade Territorial Rural;281,97;8266
2023;Prefeitura Municipal de Tuparetama - PE;2615904;PE;DCA-Anexo I-C;Padrão;Receitas Brutas Realizadas;RO1.7.1.2.00.0.0;1.7.1.2.00.0.0 -Transferências das Compensações Financeiras pela Exploração de Recursos Naturais;322238,48;8266
2023;Prefeitura Municipal de Tuparetama - PE;2615904;PE;DCA-Anexo I-C;Padrão;Receitas Brutas Realizadas;RO1.7.1.2.51.0.0;1.7.1.2.51.0.0 -Cota-parte da Compensação Financeira pela Exploração de Recursos Minerais - CFEM;934,45;8266
2023;Prefeitura Municipal de Tuparetama - PE;2615904;PE;DCA-Anexo I-C;Padrão;Receitas Brutas Realizadas;RO1.7.1.2.52.0.0;1.7.1.2.52.0.0 - Cota-parte da Compensação Financeira pela Produção de Petróleo;321304,03;8266
2023;Prefeitura Municipal de Tuparetama - PE;2615904;PE;DCA-Anexo I-C;Padrão;Receitas Brutas Realizadas;RO1.7.1.2.52.4.0;1.7.1.2.52.4.0 - Cota-Parte do Fundo Especial do Petróleo ¿ FEP;321304,03;8266
2023;Prefeitura Municipal de Tuparetama - PE;2615904;PE;DCA-Anexo I-C;Padrão;Receitas Brutas Realizadas;RO1.7.1.3.00.0.0;1.7.1.3.00.0.0 -Transferências de Recursos do Sistema Único de Saúde ¿ SUS ;7139835,23;8266
2023;Prefeitura Municipal de Tuparetama - PE;2615904;PE;DCA-Anexo I-C;Padrão;Receitas Brutas Realizadas;RO1.7.1.3.50.0.0;1.7.1.3.50.0.0 - Transferências de Recursos do Sistema Único de Saúde ¿ SUS ¿ Repasses Fundo a Fundo - Bloco de Manutenção das Ações e Serviços Públicos de Saúde;7139835,23;8266
2023;Prefeitura Municipal de Tuparetama - PE;2615904;PE;DCA-Anexo I-C;Padrão;Receitas Brutas Realizadas;RO1.7.1.3.50.1.0;1.7.1.3.50.1.0 - Transferências de Recursos do Bloco de Manutenção das Ações e Serviços Públicos de Saúde ¿ Atenção Primária;3727679,90;8266
2023;Prefeitura Municipal de Tuparetama - PE;2615904;PE;DCA-Anexo I-C;Padrão;Receitas Brutas Realizadas;RO1.7.1.3.50.2.0;1.7.1.3.50.2.0 - Transferências de Recursos do Bloco de Manutenção das Ações e Serviços Públicos de Saúde ¿ Atenção Especializada;2555219,00;8266
2023;Prefeitura Municipal de Tuparetama - PE;2615904;PE;DCA-Anexo I-C;Padrão;Receitas Brutas Realizadas;RO1.7.1.3.50.3.0;1.7.1.3.50.3.0 - Transferências de Recursos do Bloco de Manutenção das Ações e Serviços Públicos de Saúde ¿ Vigilância em Saúde;212723,94;8266
2023;Prefeitura Municipal de Tuparetama - PE;2615904;PE;DCA-Anexo I-C;Padrão;Receitas Brutas Realizadas;RO1.7.1.3.50.4.0;1.7.1.3.50.4.0 -Transferências de Recursos do Bloco de Manutenção das Ações e Serviços Públicos de Saúde ¿ Assistência Farmacêutica;60801,84;8266
2023;Prefeitura Municipal de Tuparetama - PE;2615904;PE;DCA-Anexo I-C;Padrão;Receitas Brutas Realizadas;RO1.7.1.3.50.5.0;1.7.1.3.50.5.0 - Transferências de Recursos do Bloco de Manutenção das Ações e Serviços Públicos de Saúde ¿ Gestão do SUS;583410,55;8266
2023;Prefeitura Municipal de Tuparetama - PE;2615904;PE;DCA-Anexo I-C;Padrão;Receitas Brutas Realizadas;RO1.7.1.4.00.0.0;1.7.1.4.00.0.0 -Transferências de Recursos do Fundo Nacional do Desenvolvimento da Educação ¿ FNDE¿ ;748248,62;8266
2023;Prefeitura Municipal de Tuparetama - PE;2615904;PE;DCA-Anexo I-C;Padrão;Receitas Brutas Realizadas;RO1.7.1.4.50.0.0;1.7.1.4.50.0.0 - Transferências do Salário-Educação;291773,65;8266
2023;Prefeitura Municipal de Tuparetama - PE;2615904;PE;DCA-Anexo I-C;Padrão;Receitas Brutas Realizadas;RO1.7.1.4.52.0.0;1.7.1.4.52.0.0 - Transferências referentes ao Programa Nacional de Alimentação Escolar ¿ PNAE;172494,40;8266
2023;Prefeitura Municipal de Tuparetama - PE;2615904;PE;DCA-Anexo I-C;Padrão;Receitas Brutas Realizadas;RO1.7.1.4.53.0.0;1.7.1.4.53.0.0 - Transferências referentes ao Programa Nacional de Apoio ao Transporte do Escolar ¿ PNATE;114242,37;8266
2023;Prefeitura Municipal de Tuparetama - PE;2615904;PE;DCA-Anexo I-C;Padrão;Receitas Brutas Realizadas;RO1.7.1.4.99.0.0;1.7.1.4.99.0.0 - Outras Transferências Diretas do Fundo Nacional do Desenvolvimento da Educação - FNDE;169738,20;8266
2023;Prefeitura Municipal de Tuparetama - PE;2615904;PE;DCA-Anexo I-C;Padrão;Receitas Brutas Realizadas;RO1.7.1.5.00.0.0;1.7.1.5.00.0.0 - Transferências de Recursos de Complementação da União ao Fundo de Manutenção e Desenvolvimento da Educação Básica e de Valorização dos Profissionais da Educação ¿ FUNDEB ;1027940,95;8266
2023;Prefeitura Municipal de Tuparetama - PE;2615904;PE;DCA-Anexo I-C;Padrão;Receitas Brutas Realizadas;RO1.7.1.6.00.0.0;1.7.1.6.00.0.0 - Transferências de Recursos do Fundo Nacional de Assistência Social ¿ FNAS;341587,23;8266
2023;Prefeitura Municipal de Tuparetama - PE;2615904;PE;DCA-Anexo I-C;Padrão;Receitas Brutas Realizadas;RO1.7.1.9.00.0.0;1.7.1.9.00.0.0 - Outras Transferências de Recursos da União e de suas Entidades;470615,30;8266
2023;Prefeitura Municipal de Tuparetama - PE;2615904;PE;DCA-Anexo I-C;Padrão;Receitas Brutas Realizadas;RO1.7.1.9.99.0.0;1.7.1.9.99.0.0 - Outras Transferências de Recursos da União e de suas Entidades;470615,30;8266
2023;Prefeitura Municipal de Tuparetama - PE;2615904;PE;DCA-Anexo I-C;Padrão;Receitas Brutas Realizadas;RO1.7.2.0.00.0.0;1.7.2.0.00.0.0 - Transferências dos Estados e do Distrito Federal e de suas Entidades;8890508,33;8266
2023;Prefeitura Municipal de Tuparetama - PE;2615904;PE;DCA-Anexo I-C;Padrão;Deduções - FUNDEB;RO1.7.2.0.00.0.0;1.7.2.0.00.0.0 - Transferências dos Estados e do Distrito Federal e de suas Entidades;1537130,85;8266
2023;Prefeitura Municipal de Tuparetama - PE;2615904;PE;DCA-Anexo I-C;Padrão;Receitas Brutas Realizadas;RO1.7.2.1.00.0.0;1.7.2.1.00.0.0 - Participação na Receita dos Estados e Distrito Federal;7687264,04;8266
2023;Prefeitura Municipal de Tuparetama - PE;2615904;PE;DCA-Anexo I-C;Padrão;Deduções - FUNDEB;RO1.7.2.1.00.0.0;1.7.2.1.00.0.0 - Participação na Receita dos Estados e Distrito Federal;1537130,85;8266
2023;Prefeitura Municipal de Tuparetama - PE;2615904;PE;DCA-Anexo I-C;Padrão;Receitas Brutas Realizadas;RO1.7.2.1.50.0.0;1.7.2.1.50.0.0 - Cota-Parte do ICMS;7041856,62;8266
2023;Prefeitura Municipal de Tuparetama - PE;2615904;PE;DCA-Anexo I-C;Padrão;Deduções - FUNDEB;RO1.7.2.1.50.0.0;1.7.2.1.50.0.0 - Cota-Parte do ICMS;1408371,38;8266
2023;Prefeitura Municipal de Tuparetama - PE;2615904;PE;DCA-Anexo I-C;Padrão;Receitas Brutas Realizadas;RO1.7.2.1.51.0.0;1.7.2.1.51.0.0 - Cota-Parte do IPVA;620442,07;8266
2023;Prefeitura Municipal de Tuparetama - PE;2615904;PE;DCA-Anexo I-C;Padrão;Deduções - FUNDEB;RO1.7.2.1.51.0.0;1.7.2.1.51.0.0 - Cota-Parte do IPVA;124088,79;8266
2023;Prefeitura Municipal de Tuparetama - PE;2615904;PE;DCA-Anexo I-C;Padrão;Receitas Brutas Realizadas;RO1.7.2.1.52.0.0;1.7.2.1.52.0.0 - Cota-Parte do IPI - Municípios;23353,19;8266
2023;Prefeitura Municipal de Tuparetama - PE;2615904;PE;DCA-Anexo I-C;Padrão;Deduções - FUNDEB;RO1.7.2.1.52.0.0;1.7.2.1.52.0.0 - Cota-Parte do IPI - Municípios;4670,68;8266
2023;Prefeitura Municipal de Tuparetama - PE;2615904;PE;DCA-Anexo I-C;Padrão;Receitas Brutas Realizadas;RO1.7.2.1.53.0.0;1.7.2.1.53.0.0 - Cota-Parte da Contribuição de Intervenção no Domínio Econômico;1612,16;8266
2023;Prefeitura Municipal de Tuparetama - PE;2615904;PE;DCA-Anexo I-C;Padrão;Receitas Brutas Realizadas;RO1.7.2.4.00.0.0;1.7.2.4.00.0.0 - Transferências de Convênios dos Estados e DF e de Suas Entidades;1203244,29;8266
2023;Prefeitura Municipal de Tuparetama - PE;2615904;PE;DCA-Anexo I-C;Padrão;Receitas Brutas Realizadas;RO1.7.2.4.50.0.0;1.7.2.4.50.0.0 - Transferências de Convênios dos Estados e DF para o Sistema Único de Saúde ¿ SUS;30664,63;8266
2023;Prefeitura Municipal de Tuparetama - PE;2615904;PE;DCA-Anexo I-C;Padrão;Receitas Brutas Realizadas;RO1.7.2.4.51.0.0;1.7.2.4.51.0.0 -Transferências de Convênios dos Estados Destinadas a Programas de Educação;905880,67;8266
2023;Prefeitura Municipal de Tuparetama - PE;2615904;PE;DCA-Anexo I-C;Padrão;Receitas Brutas Realizadas;RO1.7.2.4.99.0.0;1.7.2.4.99.0.0 - Outras Transferências de Convênios dos Estados e DF e de Suas Entidades;266698,99;8266
2023;Prefeitura Municipal de Tuparetama - PE;2615904;PE;DCA-Anexo I-C;Padrão;Receitas Brutas Realizadas;RO1.7.5.0.00.0.0;1.7.5.0.00.0.0 - Transferências de Outras Instituições Públicas;7228544,13;8266
2023;Prefeitura Municipal de Tuparetama - PE;2615904;PE;DCA-Anexo I-C;Padrão;Receitas Brutas Realizadas;RO1.7.5.1.00.0.0;1.7.5.1.00.0.0 - Transferências de Recursos do Fundo de Manutenção e Desenvolvimento da Educação Básica e de Valorização dos Profissionais da Educação - FUNDEB;7228544,13;8266
2023;Prefeitura Municipal de Tuparetama - PE;2615904;PE;DCA-Anexo I-C;Padrão;Receitas Brutas Realizadas;RO1.9.0.0.00.0.0;1.9.0.0.00.0.0 - Outras Receitas Correntes;206557,97;8266
2023;Prefeitura Municipal de Tuparetama - PE;2615904;PE;DCA-Anexo I-C;Padrão;Receitas Brutas Realizadas;RO1.9.9.0.00.0.0;1.9.9.0.00.0.0 - Demais Receitas Correntes;206557,97;8266
2023;Prefeitura Municipal de Tuparetama - PE;2615904;PE;DCA-Anexo I-C;Padrão;Receitas Brutas Realizadas;RO1.9.9.9.00.0.0;1.9.9.9.00.0.0 - Outras Receitas Correntes;206557,97;8266
2023;Prefeitura Municipal de Tuparetama - PE;2615904;PE;DCA-Anexo I-C;Padrão;Receitas Brutas Realizadas;RO1.9.9.9.03.0.0;1.9.9.9.03.0.0 - Compensações Financeiras entre os Regimes de Previdência;206557,97;8266
2023;Prefeitura Municipal de Tuparetama - PE;2615904;PE;DCA-Anexo I-C;Padrão;Receitas Brutas Realizadas;RO2.0.0.0.00.0.0;2.0.0.0.00.0.0 - Receitas de Capital;4195376,21;8266
2023;Prefeitura Municipal de Tuparetama - PE;2615904;PE;DCA-Anexo I-C;Padrão;Receitas Brutas Realizadas;RO2.4.0.0.00.0.0;2.4.0.0.00.0.0 - Transferências de Capital;4195376,21;8266
2023;Prefeitura Municipal de Tuparetama - PE;2615904;PE;DCA-Anexo I-C;Padrão;Receitas Brutas Realizadas;RO2.4.1.0.00.0.0;2.4.1.0.00.0.0 - Transferências da União e de suas Entidades;3935376,21;8266
2023;Prefeitura Municipal de Tuparetama - PE;2615904;PE;DCA-Anexo I-C;Padrão;Receitas Brutas Realizadas;RO2.4.1.1.00.0.0;2.4.1.1.00.0.0 - Transferências de Recursos do Sistema Único de Saúde - SUS;149967,00;8266
2023;Prefeitura Municipal de Tuparetama - PE;2615904;PE;DCA-Anexo I-C;Padrão;Receitas Brutas Realizadas;RO2.4.1.1.50.0.0;2.4.1.1.50.0.0 - Transferências de Recursos do Sistema Único de Saúde ¿ SUS ¿ Fundo a Fundo - Bloco de Manutenção das Ações e Serviços Públicos de Saúde;149967,00;8266
2023;Prefeitura Municipal de Tuparetama - PE;2615904;PE;DCA-Anexo I-C;Padrão;Receitas Brutas Realizadas;RO2.4.1.1.50.1.0;2.4.1.1.50.1.0 - Transferências de Recursos do Bloco de Manutenção das Ações e Serviços Públicos de Saúde ¿ Atenção Primária;149967,00;8266
2023;Prefeitura Municipal de Tuparetama - PE;2615904;PE;DCA-Anexo I-C;Padrão;Receitas Brutas Realizadas;RO2.4.1.4.00.0.0;2.4.1.4.00.0.0 - Transferências de Convênios da União e de suas Entidades ;3785409,21;8266
2023;Prefeitura Municipal de Tuparetama - PE;2615904;PE;DCA-Anexo I-C;Padrão;Receitas Brutas Realizadas;RO2.4.1.4.51.0.0;2.4.1.4.51.0.0 - Transferências de Convênios da União destinadas a Programas de Educação;844788,88;8266
2023;Prefeitura Municipal de Tuparetama - PE;2615904;PE;DCA-Anexo I-C;Padrão;Receitas Brutas Realizadas;RO2.4.1.4.99.0.0;2.4.1.4.99.0.0 - Outras Transferências de Convênios da União e de Suas Entidades;2940620,33;8266
2023;Prefeitura Municipal de Tuparetama - PE;2615904;PE;DCA-Anexo I-C;Padrão;Receitas Brutas Realizadas;RO2.4.2.0.00.0.0;2.4.2.0.00.0.0 - Transferências dos Estados e do Distrito Federal e de suas Entidades;260000,00;8266
2023;Prefeitura Municipal de Tuparetama - PE;2615904;PE;DCA-Anexo I-C;Padrão;Receitas Brutas Realizadas;RO2.4.2.2.00.0.0;2.4.2.2.00.0.0 - Transferências de Convênios dos Estados e DF e de Suas Entidades ;260000,00;8266
2023;Prefeitura Municipal de Tuparetama - PE;2615904;PE;DCA-Anexo I-C;Padrão;Receitas Brutas Realizadas;RO2.4.2.2.50.0.0;2.4.2.2.50.0.0 - Transferências de Convênios dos Estados para o Sistema Único de Saúde ¿ SUS;260000,00;8266
2023;Prefeitura Municipal de Tuparetama - PE;2615904;PE;DCA-Anexo I-C;Padrão;Receitas Brutas Realizadas;ReceitasIntraOrcamentarias;RECEITAS (INTRA-ORÇAMENTÁRIAS) (II);3903813,32;8266
2023;Prefeitura Municipal de Tuparetama - PE;2615904;PE;DCA-Anexo I-C;Padrão;Receitas Brutas Realizadas;RI7.0.0.0.00.0.0;7.0.0.0.00.0.0 - Receitas Correntes;3903813,32;8266
2023;Prefeitura Municipal de Tuparetama - PE;2615904;PE;DCA-Anexo I-C;Padrão;Receitas Brutas Realizadas;RI7.2.0.0.00.0.0;7.2.0.0.00.0.0 - Contribuições;3903813,32;8266
2023;Prefeitura Municipal de Tuparetama - PE;2615904;PE;DCA-Anexo I-C;Padrão;Receitas Brutas Realizadas;RI7.2.1.0.00.0.0;7.2.1.0.00.0.0 - Contribuições Sociais;3903813,32;8266
2023;Prefeitura Municipal de Tuparetama - PE;2615904;PE;DCA-Anexo I-C;Padrão;Receitas Brutas Realizadas;RI7.2.1.5.00.0.0;7.2.1.5.00.0.0 - Contribuições para Regimes Próprios de Previdência e Sistema de Proteção Social;3903813,32;8266
2023;Prefeitura Municipal de Tuparetama - PE;2615904;PE;DCA-Anexo I-C;Padrão;Receitas Brutas Realizadas;RI7.2.1.5.01.0.0;7.2.1.5.01.0.0 - Contribuição do Servidor Civil;2064968,18;8266
2023;Prefeitura Municipal de Tuparetama - PE;2615904;PE;DCA-Anexo I-C;Padrão;Receitas Brutas Realizadas;RI7.2.1.5.02.0.0;7.2.1.5.02.0.0 - Contribuição Patronal - Servidor Civil;912043,52;8266
2023;Prefeitura Municipal de Tuparetama - PE;2615904;PE;DCA-Anexo I-C;Padrão;Receitas Brutas Realizadas;RI7.2.1.5.02.1.0;7.2.1.5.02.1.0 - Contribuição Patronal - Servidor Civil Ativo;912043,52;8266
2023;Prefeitura Municipal de Tuparetama - PE;2615904;PE;DCA-Anexo I-C;Padrão;Receitas Brutas Realizadas;RI7.2.1.5.51.0.0;7.2.1.5.51.0.0 - Contribuição Patronal - Parcelamentos;926801,62;8266
2023;Prefeitura Municipal de Tuparetama - PE;2615904;PE;DCA-Anexo I-C;Padrão;Receitas Brutas Realizadas;RI7.2.1.5.51.1.0;7.2.1.5.51.1.0 - Contribuição Patronal - Servidor Civil Ativo - Parcelamentos;926801,62;8266
2023;Prefeitura Municipal de Tuparetama - PE;2615904;PE;DCA-Anexo I-C;Padrão;Receitas Brutas Realizadas;TotalReceitas;TOTAL DAS RECEITAS (III) = (I + II);54434086,69;8266
2023;Prefeitura Municipal de Tuparetama - PE;2615904;PE;DCA-Anexo I-C;Padrão;Deduções - FUNDEB;TotalReceitas;TOTAL DAS RECEITAS (III) = (I + II);4550017,90;8266
2024;Prefeitura Municipal de Tuparetama - PE;2615904;PE;DCA-Anexo I-C;Padrão;Receitas Brutas Realizadas;ReceitasExcetoIntraOrcamentarias;RECEITAS (EXCETO INTRA-ORÇAMENTÁRIAS) (I);60036705,90;8018
2024;Prefeitura Municipal de Tuparetama - PE;2615904;PE;DCA-Anexo I-C;Padrão;Deduções - FUNDEB;ReceitasExcetoIntraOrcamentarias;RECEITAS (EXCETO INTRA-ORÇAMENTÁRIAS) (I);5405427,54;8018
2024;Prefeitura Municipal de Tuparetama - PE;2615904;PE;DCA-Anexo I-C;Padrão;Receitas Brutas Realizadas;RO1.0.0.0.00.0.0;1.0.0.0.00.0.0 - Receitas Correntes;54284777,26;8018
2024;Prefeitura Municipal de Tuparetama - PE;2615904;PE;DCA-Anexo I-C;Padrão;Deduções - FUNDEB;RO1.0.0.0.00.0.0;1.0.0.0.00.0.0 - Receitas Correntes;5405427,54;8018
2024;Prefeitura Municipal de Tuparetama - PE;2615904;PE;DCA-Anexo I-C;Padrão;Receitas Brutas Realizadas;RO1.1.0.0.00.0.0;1.1.0.0.00.0.0 - Impostos, Taxas e Contribuições de Melhoria;1893606,50;8018
2024;Prefeitura Municipal de Tuparetama - PE;2615904;PE;DCA-Anexo I-C;Padrão;Receitas Brutas Realizadas;RO1.1.1.0.00.0.0;1.1.1.0.00.0.0 - Impostos;1774175,90;8018
2024;Prefeitura Municipal de Tuparetama - PE;2615904;PE;DCA-Anexo I-C;Padrão;Receitas Brutas Realizadas;RO1.1.1.2.00.0.0;1.1.1.2.00.0.0 - Impostos sobre o Patrimônio;310207,25;8018
2024;Prefeitura Municipal de Tuparetama - PE;2615904;PE;DCA-Anexo I-C;Padrão;Receitas Brutas Realizadas;RO1.1.1.2.50.0.0;1.1.1.2.50.0.0 - Imposto sobre a Propriedade Predial e Territorial Urbana;254427,61;8018
2024;Prefeitura Municipal de Tuparetama - PE;2615904;PE;DCA-Anexo I-C;Padrão;Receitas Brutas Realizadas;RO1.1.1.2.53.0.0;"1.1.1.2.53.0.0 - Impostos sobre Transmissão ""Inter Vivos"" de Bens Imóveis e de Direitos Reais sobre Imóveis";55779,64;8018
2024;Prefeitura Municipal de Tuparetama - PE;2615904;PE;DCA-Anexo I-C;Padrão;Receitas Brutas Realizadas;RO1.1.1.3.00.0.0;1.1.1.3.00.0.0 - Impostos sobre a Renda e Proventos de Qualquer Natureza;869114,65;8018
2024;Prefeitura Municipal de Tuparetama - PE;2615904;PE;DCA-Anexo I-C;Padrão;Receitas Brutas Realizadas;RO1.1.1.3.03.0.0;1.1.1.3.03.0.0 - Imposto sobre a Renda - Retido na Fonte;869114,65;8018
2024;Prefeitura Municipal de Tuparetama - PE;2615904;PE;DCA-Anexo I-C;Padrão;Receitas Brutas Realizadas;RO1.1.1.3.03.1.0;1.1.1.3.03.1.0 - Imposto sobre a Renda - Retido na Fonte - Trabalho;834179,63;8018
2024;Prefeitura Municipal de Tuparetama - PE;2615904;PE;DCA-Anexo I-C;Padrão;Receitas Brutas Realizadas;RO1.1.1.3.03.4.0;1.1.1.3.03.4.0 - Imposto sobre a Renda - Retido na Fonte - Outros Rendimentos;34935,02;8018
2024;Prefeitura Municipal de Tuparetama - PE;2615904;PE;DCA-Anexo I-C;Padrão;Receitas Brutas Realizadas;RO1.1.1.4.00.0.0;1.1.1.4.00.0.0 - Impostos sobre a Produção e Circulação de Mercadorias e Serviços;594854,00;8018
2024;Prefeitura Municipal de Tuparetama - PE;2615904;PE;DCA-Anexo I-C;Padrão;Receitas Brutas Realizadas;RO1.1.1.4.51.0.0;1.1.1.4.51.0.0 - Impostos sobre Serviços;594854,00;8018
2024;Prefeitura Municipal de Tuparetama - PE;2615904;PE;DCA-Anexo I-C;Padrão;Receitas Brutas Realizadas;RO1.1.1.4.51.1.0;1.1.1.4.51.1.0 - Imposto sobre Serviços de Qualquer Natureza - ISSQN;594854,00;8018
2024;Prefeitura Municipal de Tuparetama - PE;2615904;PE;DCA-Anexo I-C;Padrão;Receitas Brutas Realizadas;RO1.1.2.0.00.0.0;1.1.2.0.00.0.0 - Taxas;119430,60;8018
2024;Prefeitura Municipal de Tuparetama - PE;2615904;PE;DCA-Anexo I-C;Padrão;Receitas Brutas Realizadas;RO1.1.2.1.00.0.0;1.1.2.1.00.0.0 - Taxas pelo Exercício do Poder de Polícia;68664,75;8018
2024;Prefeitura Municipal de Tuparetama - PE;2615904;PE;DCA-Anexo I-C;Padrão;Receitas Brutas Realizadas;RO1.1.2.1.01.0.0;1.1.2.1.01.0.0 - Taxas de Inspeção, Controle e Fiscalização;68664,75;8018
2024;Prefeitura Municipal de Tuparetama - PE;2615904;PE;DCA-Anexo I-C;Padrão;Receitas Brutas Realizadas;RO1.1.2.2.00.0.0;1.1.2.2.00.0.0 - Taxas pela Prestação de Serviços;50765,85;8018
2024;Prefeitura Municipal de Tuparetama - PE;2615904;PE;DCA-Anexo I-C;Padrão;Receitas Brutas Realizadas;RO1.1.2.2.01.0.0;1.1.2.2.01.0.0 - Taxas pela Prestação de Serviços em Geral;50765,85;8018
2024;Prefeitura Municipal de Tuparetama - PE;2615904;PE;DCA-Anexo I-C;Padrão;Receitas Brutas Realizadas;RO1.2.0.0.00.0.0;1.2.0.0.00.0.0 - Contribuições;1451913,50;8018
2024;Prefeitura Municipal de Tuparetama - PE;2615904;PE;DCA-Anexo I-C;Padrão;Receitas Brutas Realizadas;RO1.2.1.0.00.0.0;1.2.1.0.00.0.0 - Contribuições Sociais;1091395,21;8018
2024;Prefeitura Municipal de Tuparetama - PE;2615904;PE;DCA-Anexo I-C;Padrão;Receitas Brutas Realizadas;RO1.2.1.5.00.0.0;1.2.1.5.00.0.0 - Contribuições para Regimes Próprios de Previdência e Sistema de Proteção Social;1091395,21;8018
2024;Prefeitura Municipal de Tuparetama - PE;2615904;PE;DCA-Anexo I-C;Padrão;Receitas Brutas Realizadas;RO1.2.1.5.01.0.0;1.2.1.5.01.0.0 - Contribuição do Servidor Civil;1091395,21;8018
2024;Prefeitura Municipal de Tuparetama - PE;2615904;PE;DCA-Anexo I-C;Padrão;Receitas Brutas Realizadas;RO1.2.1.5.01.1.0;1.2.1.5.01.1.0 - Contribuição do Servidor Civil Ativo;1091395,21;8018
2024;Prefeitura Municipal de Tuparetama - PE;2615904;PE;DCA-Anexo I-C;Padrão;Receitas Brutas Realizadas;RO1.2.4.0.00.0.0;1.2.4.0.00.0.0 - Contribuição para o Custeio do Serviço de Iluminação Pública;360518,29;8018
2024;Prefeitura Municipal de Tuparetama - PE;2615904;PE;DCA-Anexo I-C;Padrão;Receitas Brutas Realizadas;RO1.3.0.0.00.0.0;1.3.0.0.00.0.0 - Receita Patrimonial;627469,34;8018
2024;Prefeitura Municipal de Tuparetama - PE;2615904;PE;DCA-Anexo I-C;Padrão;Receitas Brutas Realizadas;RO1.3.2.0.00.0.0;1.3.2.0.00.0.0 - Valores Mobiliários;627469,34;8018
2024;Prefeitura Municipal de Tuparetama - PE;2615904;PE;DCA-Anexo I-C;Padrão;Receitas Brutas Realizadas;RO1.3.2.1.00.0.0;1.3.2.1.00.0.0 - Juros e Correções Monetárias;627469,34;8018
2024;Prefeitura Municipal de Tuparetama - PE;2615904;PE;DCA-Anexo I-C;Padrão;Receitas Brutas Realizadas;RO1.3.2.1.01.0.0;1.3.2.1.01.0.0 - Remuneração de Depósitos Bancários;223111,47;8018
2024;Prefeitura Municipal de Tuparetama - PE;2615904;PE;DCA-Anexo I-C;Padrão;Receitas Brutas Realizadas;RO1.3.2.1.02.0.0;1.3.2.1.02.0.0 - Remuneração de Depósitos Especiais;156131,37;8018
2024;Prefeitura Municipal de Tuparetama - PE;2615904;PE;DCA-Anexo I-C;Padrão;Receitas Brutas Realizadas;RO1.3.2.1.04.0.0;1.3.2.1.04.0.0 - Remuneração dos Recursos do Regime Próprio de Previdência Social - RPPS;248226,50;8018
2024;Prefeitura Municipal de Tuparetama - PE;2615904;PE;DCA-Anexo I-C;Padrão;Receitas Brutas Realizadas;RO1.6.0.0.00.0.0;1.6.0.0.00.0.0 - Receita de Serviços;73179,61;8018
2024;Prefeitura Municipal de Tuparetama - PE;2615904;PE;DCA-Anexo I-C;Padrão;Receitas Brutas Realizadas;RO1.6.1.0.00.0.0;1.6.1.0.00.0.0 - Serviços Administrativos e Comerciais Gerais;73179,61;8018
2024;Prefeitura Municipal de Tuparetama - PE;2615904;PE;DCA-Anexo I-C;Padrão;Receitas Brutas Realizadas;RO1.6.1.1.00.0.0;1.6.1.1.00.0.0 - Serviços Administrativos e Comerciais Gerais;73179,61;8018
2024;Prefeitura Municipal de Tuparetama - PE;2615904;PE;DCA-Anexo I-C;Padrão;Receitas Brutas Realizadas;RO1.6.1.1.02.0.0;1.6.1.1.02.0.0 - Inscrição em Concursos e Processos Seletivos;73179,61;8018
2024;Prefeitura Municipal de Tuparetama - PE;2615904;PE;DCA-Anexo I-C;Padrão;Receitas Brutas Realizadas;RO1.7.0.0.00.0.0;1.7.0.0.00.0.0 - Transferências Correntes;50041325,70;8018
2024;Prefeitura Municipal de Tuparetama - PE;2615904;PE;DCA-Anexo I-C;Padrão;Deduções - FUNDEB;RO1.7.0.0.00.0.0;1.7.0.0.00.0.0 - Transferências Correntes;5405427,54;8018
2024;Prefeitura Municipal de Tuparetama - PE;2615904;PE;DCA-Anexo I-C;Padrão;Receitas Brutas Realizadas;RO1.7.1.0.00.0.0;1.7.1.0.00.0.0 - Transferências da União e de suas Entidades;30853479,37;8018
2024;Prefeitura Municipal de Tuparetama - PE;2615904;PE;DCA-Anexo I-C;Padrão;Deduções - FUNDEB;RO1.7.1.0.00.0.0;1.7.1.0.00.0.0 - Transferências da União e de suas Entidades;3499846,12;8018
2024;Prefeitura Municipal de Tuparetama - PE;2615904;PE;DCA-Anexo I-C;Padrão;Receitas Brutas Realizadas;RO1.7.1.1.00.0.0;1.7.1.1.00.0.0 - Transferências Decorrentes de Participação na Receita da União;19305623,14;8018
2024;Prefeitura Municipal de Tuparetama - PE;2615904;PE;DCA-Anexo I-C;Padrão;Deduções - FUNDEB;RO1.7.1.1.00.0.0;1.7.1.1.00.0.0 - Transferências Decorrentes de Participação na Receita da União;3499846,12;8018
2024;Prefeitura Municipal de Tuparetama - PE;2615904;PE;DCA-Anexo I-C;Padrão;Receitas Brutas Realizadas;RO1.7.1.1.51.0.0;1.7.1.1.51.0.0 -Cota-Parte do Fundo de Participação dos Municípios - FPM;19304183,94;8018
2024;Prefeitura Municipal de Tuparetama - PE;2615904;PE;DCA-Anexo I-C;Padrão;Deduções - FUNDEB;RO1.7.1.1.51.0.0;1.7.1.1.51.0.0 -Cota-Parte do Fundo de Participação dos Municípios - FPM;3499558,38;8018
2024;Prefeitura Municipal de Tuparetama - PE;2615904;PE;DCA-Anexo I-C;Padrão;Receitas Brutas Realizadas;RO1.7.1.1.51.1.0;1.7.1.1.51.1.0 - Cota-Parte do Fundo de Participação dos Municípios - Cota Mensal;17497794,25;8018
2024;Prefeitura Municipal de Tuparetama - PE;2615904;PE;DCA-Anexo I-C;Padrão;Deduções - FUNDEB;RO1.7.1.1.51.1.0;1.7.1.1.51.1.0 - Cota-Parte do Fundo de Participação dos Municípios - Cota Mensal;3499558,38;8018
2024;Prefeitura Municipal de Tuparetama - PE;2615904;PE;DCA-Anexo I-C;Padrão;Receitas Brutas Realizadas;RO1.7.1.1.51.2.0;1.7.1.1.51.2.0 - Cota-Parte do Fundo de Participação dos Municípios - Cotas Extraordinárias;1806389,69;8018
2024;Prefeitura Municipal de Tuparetama - PE;2615904;PE;DCA-Anexo I-C;Padrão;Receitas Brutas Realizadas;RO1.7.1.1.52.0.0;1.7.1.1.52.0.0 - Cota-Parte do Imposto Sobre a Propriedade Territorial Rural;1439,20;8018
2024;Prefeitura Municipal de Tuparetama - PE;2615904;PE;DCA-Anexo I-C;Padrão;Deduções - FUNDEB;RO1.7.1.1.52.0.0;1.7.1.1.52.0.0 - Cota-Parte do Imposto Sobre a Propriedade Territorial Rural;287,74;8018
2024;Prefeitura Municipal de Tuparetama - PE;2615904;PE;DCA-Anexo I-C;Padrão;Receitas Brutas Realizadas;RO1.7.1.2.00.0.0;1.7.1.2.00.0.0 -Transferências das Compensações Financeiras pela Exploração de Recursos Naturais;349861,29;8018
2024;Prefeitura Municipal de Tuparetama - PE;2615904;PE;DCA-Anexo I-C;Padrão;Receitas Brutas Realizadas;RO1.7.1.2.51.0.0;1.7.1.2.51.0.0 -Cota-parte da Compensação Financeira pela Exploração de Recursos Minerais - CFEM;3607,54;8018
2024;Prefeitura Municipal de Tuparetama - PE;2615904;PE;DCA-Anexo I-C;Padrão;Receitas Brutas Realizadas;RO1.7.1.2.52.0.0;1.7.1.2.52.0.0 - Cota-parte da Compensação Financeira pela Produção de Petróleo;346253,75;8018
2024;Prefeitura Municipal de Tuparetama - PE;2615904;PE;DCA-Anexo I-C;Padrão;Receitas Brutas Realizadas;RO1.7.1.2.52.4.0;1.7.1.2.52.4.0 - Cota-Parte do Fundo Especial do Petróleo ¿ FEP;346253,75;8018
2024;Prefeitura Municipal de Tuparetama - PE;2615904;PE;DCA-Anexo I-C;Padrão;Receitas Brutas Realizadas;RO1.7.1.3.00.0.0;1.7.1.3.00.0.0 -Transferências de Recursos do Sistema Único de Saúde ¿ SUS ;8172105,15;8018
2024;Prefeitura Municipal de Tuparetama - PE;2615904;PE;DCA-Anexo I-C;Padrão;Receitas Brutas Realizadas;RO1.7.1.3.50.0.0;1.7.1.3.50.0.0 - Transferências de Recursos do Sistema Único de Saúde ¿ SUS ¿ Repasses Fundo a Fundo - Bloco de Manutenção das Ações e Serviços Públicos de Saúde;8172105,15;8018
2024;Prefeitura Municipal de Tuparetama - PE;2615904;PE;DCA-Anexo I-C;Padrão;Receitas Brutas Realizadas;RO1.7.1.3.50.1.0;1.7.1.3.50.1.0 - Transferências de Recursos do Bloco de Manutenção das Ações e Serviços Públicos de Saúde ¿ Atenção Primária;5100883,27;8018
2024;Prefeitura Municipal de Tuparetama - PE;2615904;PE;DCA-Anexo I-C;Padrão;Receitas Brutas Realizadas;RO1.7.1.3.50.2.0;1.7.1.3.50.2.0 - Transferências de Recursos do Bloco de Manutenção das Ações e Serviços Públicos de Saúde ¿ Atenção Especializada;1770965,82;8018
2024;Prefeitura Municipal de Tuparetama - PE;2615904;PE;DCA-Anexo I-C;Padrão;Receitas Brutas Realizadas;RO1.7.1.3.50.3.0;1.7.1.3.50.3.0 - Transferências de Recursos do Bloco de Manutenção das Ações e Serviços Públicos de Saúde ¿ Vigilância em Saúde;248469,74;8018
2024;Prefeitura Municipal de Tuparetama - PE;2615904;PE;DCA-Anexo I-C;Padrão;Receitas Brutas Realizadas;RO1.7.1.3.50.4.0;1.7.1.3.50.4.0 -Transferências de Recursos do Bloco de Manutenção das Ações e Serviços Públicos de Saúde ¿ Assistência Farmacêutica;91560,76;8018
2024;Prefeitura Municipal de Tuparetama - PE;2615904;PE;DCA-Anexo I-C;Padrão;Receitas Brutas Realizadas;RO1.7.1.3.50.5.0;1.7.1.3.50.5.0 - Transferências de Recursos do Bloco de Manutenção das Ações e Serviços Públicos de Saúde ¿ Gestão do SUS;960225,56;8018
2024;Prefeitura Municipal de Tuparetama - PE;2615904;PE;DCA-Anexo I-C;Padrão;Receitas Brutas Realizadas;RO1.7.1.4.00.0.0;1.7.1.4.00.0.0 -Transferências de Recursos do Fundo Nacional do Desenvolvimento da Educação ¿ FNDE¿ ;963690,75;8018
2024;Prefeitura Municipal de Tuparetama - PE;2615904;PE;DCA-Anexo I-C;Padrão;Receitas Brutas Realizadas;RO1.7.1.4.50.0.0;1.7.1.4.50.0.0 - Transferências do Salário-Educação;691323,83;8018
2024;Prefeitura Municipal de Tuparetama - PE;2615904;PE;DCA-Anexo I-C;Padrão;Receitas Brutas Realizadas;RO1.7.1.4.52.0.0;1.7.1.4.52.0.0 - Transferências referentes ao Programa Nacional de Alimentação Escolar ¿ PNAE;180246,00;8018
2024;Prefeitura Municipal de Tuparetama - PE;2615904;PE;DCA-Anexo I-C;Padrão;Receitas Brutas Realizadas;RO1.7.1.4.53.0.0;1.7.1.4.53.0.0 - Transferências referentes ao Programa Nacional de Apoio ao Transporte do Escolar ¿ PNATE;92120,92;8018
2024;Prefeitura Municipal de Tuparetama - PE;2615904;PE;DCA-Anexo I-C;Padrão;Receitas Brutas Realizadas;RO1.7.1.5.00.0.0;1.7.1.5.00.0.0 - Transferências de Recursos de Complementação da União ao Fundo de Manutenção e Desenvolvimento da Educação Básica e de Valorização dos Profissionais da Educação ¿ FUNDEB ;1563747,69;8018
2024;Prefeitura Municipal de Tuparetama - PE;2615904;PE;DCA-Anexo I-C;Padrão;Receitas Brutas Realizadas;RO1.7.1.6.00.0.0;1.7.1.6.00.0.0 - Transferências de Recursos do Fundo Nacional de Assistência Social ¿ FNAS;414281,29;8018
2024;Prefeitura Municipal de Tuparetama - PE;2615904;PE;DCA-Anexo I-C;Padrão;Receitas Brutas Realizadas;RO1.7.1.9.00.0.0;1.7.1.9.00.0.0 - Outras Transferências de Recursos da União e de suas Entidades;84170,06;8018
2024;Prefeitura Municipal de Tuparetama - PE;2615904;PE;DCA-Anexo I-C;Padrão;Receitas Brutas Realizadas;RO1.7.1.9.99.0.0;1.7.1.9.99.0.0 - Outras Transferências de Recursos da União e de suas Entidades;84170,06;8018
2024;Prefeitura Municipal de Tuparetama - PE;2615904;PE;DCA-Anexo I-C;Padrão;Receitas Brutas Realizadas;RO1.7.2.0.00.0.0;1.7.2.0.00.0.0 - Transferências dos Estados e do Distrito Federal e de suas Entidades;11049005,77;8018
2024;Prefeitura Municipal de Tuparetama - PE;2615904;PE;DCA-Anexo I-C;Padrão;Deduções - FUNDEB;RO1.7.2.0.00.0.0;1.7.2.0.00.0.0 - Transferências dos Estados e do Distrito Federal e de suas Entidades;1905581,42;8018
2024;Prefeitura Municipal de Tuparetama - PE;2615904;PE;DCA-Anexo I-C;Padrão;Receitas Brutas Realizadas;RO1.7.2.1.00.0.0;1.7.2.1.00.0.0 - Participação na Receita dos Estados e Distrito Federal;9536691,12;8018
2024;Prefeitura Municipal de Tuparetama - PE;2615904;PE;DCA-Anexo I-C;Padrão;Deduções - FUNDEB;RO1.7.2.1.00.0.0;1.7.2.1.00.0.0 - Participação na Receita dos Estados e Distrito Federal;1905581,42;8018
2024;Prefeitura Municipal de Tuparetama - PE;2615904;PE;DCA-Anexo I-C;Padrão;Receitas Brutas Realizadas;RO1.7.2.1.50.0.0;1.7.2.1.50.0.0 - Cota-Parte do ICMS;8772801,56;8018
2024;Prefeitura Municipal de Tuparetama - PE;2615904;PE;DCA-Anexo I-C;Padrão;Deduções - FUNDEB;RO1.7.2.1.50.0.0;1.7.2.1.50.0.0 - Cota-Parte do ICMS;1754560,34;8018
2024;Prefeitura Municipal de Tuparetama - PE;2615904;PE;DCA-Anexo I-C;Padrão;Receitas Brutas Realizadas;RO1.7.2.1.51.0.0;1.7.2.1.51.0.0 - Cota-Parte do IPVA;720005,26;8018
2024;Prefeitura Municipal de Tuparetama - PE;2615904;PE;DCA-Anexo I-C;Padrão;Deduções - FUNDEB;RO1.7.2.1.51.0.0;1.7.2.1.51.0.0 - Cota-Parte do IPVA;144001,55;8018
2024;Prefeitura Municipal de Tuparetama - PE;2615904;PE;DCA-Anexo I-C;Padrão;Receitas Brutas Realizadas;RO1.7.2.1.52.0.0;1.7.2.1.52.0.0 - Cota-Parte do IPI - Municípios;35097,52;8018
2024;Prefeitura Municipal de Tuparetama - PE;2615904;PE;DCA-Anexo I-C;Padrão;Deduções - FUNDEB;RO1.7.2.1.52.0.0;1.7.2.1.52.0.0 - Cota-Parte do IPI - Municípios;7019,53;8018
2024;Prefeitura Municipal de Tuparetama - PE;2615904;PE;DCA-Anexo I-C;Padrão;Receitas Brutas Realizadas;RO1.7.2.1.53.0.0;1.7.2.1.53.0.0 - Cota-Parte da Contribuição de Intervenção no Domínio Econômico;8786,78;8018
2024;Prefeitura Municipal de Tuparetama - PE;2615904;PE;DCA-Anexo I-C;Padrão;Receitas Brutas Realizadas;RO1.7.2.4.00.0.0;1.7.2.4.00.0.0 - Transferências de Convênios dos Estados e DF e de Suas Entidades;1512314,65;8018
2024;Prefeitura Municipal de Tuparetama - PE;2615904;PE;DCA-Anexo I-C;Padrão;Receitas Brutas Realizadas;RO1.7.2.4.50.0.0;1.7.2.4.50.0.0 - Transferências de Convênios dos Estados e DF para o Sistema Único de Saúde ¿ SUS;29410,77;8018
2024;Prefeitura Municipal de Tuparetama - PE;2615904;PE;DCA-Anexo I-C;Padrão;Receitas Brutas Realizadas;RO1.7.2.4.51.0.0;1.7.2.4.51.0.0 -Transferências de Convênios dos Estados Destinadas a Programas de Educação;1074546,58;8018
2024;Prefeitura Municipal de Tuparetama - PE;2615904;PE;DCA-Anexo I-C;Padrão;Receitas Brutas Realizadas;RO1.7.2.4.99.0.0;1.7.2.4.99.0.0 - Outras Transferências de Convênios dos Estados e DF e de Suas Entidades;408357,30;8018
2024;Prefeitura Municipal de Tuparetama - PE;2615904;PE;DCA-Anexo I-C;Padrão;Receitas Brutas Realizadas;RO1.7.5.0.00.0.0;1.7.5.0.00.0.0 - Transferências de Outras Instituições Públicas;8138840,56;8018
2024;Prefeitura Municipal de Tuparetama - PE;2615904;PE;DCA-Anexo I-C;Padrão;Receitas Brutas Realizadas;RO1.7.5.1.00.0.0;1.7.5.1.00.0.0 - Transferências de Recursos do Fundo de Manutenção e Desenvolvimento da Educação Básica e de Valorização dos Profissionais da Educação - FUNDEB;8138840,56;8018
2024;Prefeitura Municipal de Tuparetama - PE;2615904;PE;DCA-Anexo I-C;Padrão;Receitas Brutas Realizadas;RO1.9.0.0.00.0.0;1.9.0.0.00.0.0 - Outras Receitas Correntes;197282,61;8018
2024;Prefeitura Municipal de Tuparetama - PE;2615904;PE;DCA-Anexo I-C;Padrão;Receitas Brutas Realizadas;RO1.9.2.0.00.0.0;1.9.2.0.00.0.0 - Indenizações, Restituições e Ressarcimentos;2773,82;8018
2024;Prefeitura Municipal de Tuparetama - PE;2615904;PE;DCA-Anexo I-C;Padrão;Receitas Brutas Realizadas;RO1.9.2.2.00.0.0;1.9.2.2.00.0.0 - Restituições;2773,72;8018
2024;Prefeitura Municipal de Tuparetama - PE;2615904;PE;DCA-Anexo I-C;Padrão;Receitas Brutas Realizadas;RO1.9.2.2.06.0.0;1.9.2.2.06.0.0 - Restituição de Despesas de Exercícios Anteriores;1443,72;8018
2024;Prefeitura Municipal de Tuparetama - PE;2615904;PE;DCA-Anexo I-C;Padrão;Receitas Brutas Realizadas;RO1.9.2.2.06.3.0;1.9.2.2.06.3.0 - Restituição de Despesas Primárias de Exercícios Anteriores;360,00;8018
2024;Prefeitura Municipal de Tuparetama - PE;2615904;PE;DCA-Anexo I-C;Padrão;Receitas Brutas Realizadas;RO1.9.2.2.06.4.0;1.9.2.2.06.4.0 - Restituição de Despesas Financeiras de Exercícios Anteriores;1083,72;8018
2024;Prefeitura Municipal de Tuparetama - PE;2615904;PE;DCA-Anexo I-C;Padrão;Receitas Brutas Realizadas;RO1.9.2.2.99.0.0;1.9.2.2.99.0.0 - Outras Restituições;1330,00;8018
2024;Prefeitura Municipal de Tuparetama - PE;2615904;PE;DCA-Anexo I-C;Padrão;Receitas Brutas Realizadas;RO1.9.2.3.00.0.0;1.9.2.3.00.0.0 - Ressarcimentos;0,10;8018
2024;Prefeitura Municipal de Tuparetama - PE;2615904;PE;DCA-Anexo I-C;Padrão;Receitas Brutas Realizadas;RO1.9.2.3.99.0.0;1.9.2.3.99.0.0 - Outros Ressarcimentos;0,10;8018
2024;Prefeitura Municipal de Tuparetama - PE;2615904;PE;DCA-Anexo I-C;Padrão;Receitas Brutas Realizadas;RO1.9.9.0.00.0.0;1.9.9.0.00.0.0 - Demais Receitas Correntes;194508,79;8018
2024;Prefeitura Municipal de Tuparetama - PE;2615904;PE;DCA-Anexo I-C;Padrão;Receitas Brutas Realizadas;RO1.9.9.9.00.0.0;1.9.9.9.00.0.0 - Outras Receitas Correntes;194508,79;8018
2024;Prefeitura Municipal de Tuparetama - PE;2615904;PE;DCA-Anexo I-C;Padrão;Receitas Brutas Realizadas;RO1.9.9.9.03.0.0;1.9.9.9.03.0.0 - Compensações Financeiras entre os Regimes de Previdência;194508,79;8018
2024;Prefeitura Municipal de Tuparetama - PE;2615904;PE;DCA-Anexo I-C;Padrão;Receitas Brutas Realizadas;RO2.0.0.0.00.0.0;2.0.0.0.00.0.0 - Receitas de Capital;5751928,64;8018
2024;Prefeitura Municipal de Tuparetama - PE;2615904;PE;DCA-Anexo I-C;Padrão;Receitas Brutas Realizadas;RO2.2.0.0.00.0.0;2.2.0.0.00.0.0 - Alienação de Bens;415400,00;8018
2024;Prefeitura Municipal de Tuparetama - PE;2615904;PE;DCA-Anexo I-C;Padrão;Receitas Brutas Realizadas;RO2.2.1.0.00.0.0;2.2.1.0.00.0.0 - Alienação de Bens Móveis;415400,00;8018
2024;Prefeitura Municipal de Tuparetama - PE;2615904;PE;DCA-Anexo I-C;Padrão;Receitas Brutas Realizadas;RO2.2.1.3.00.0.0;2.2.1.3.00.0.0 - Alienação de Bens Móveis e Semoventes;415400,00;8018
2024;Prefeitura Municipal de Tuparetama - PE;2615904;PE;DCA-Anexo I-C;Padrão;Receitas Brutas Realizadas;RO2.4.0.0.00.0.0;2.4.0.0.00.0.0 - Transferências de Capital;5336528,64;8018
2024;Prefeitura Municipal de Tuparetama - PE;2615904;PE;DCA-Anexo I-C;Padrão;Receitas Brutas Realizadas;RO2.4.1.0.00.0.0;2.4.1.0.00.0.0 - Transferências da União e de suas Entidades;2729608,64;8018
2024;Prefeitura Municipal de Tuparetama - PE;2615904;PE;DCA-Anexo I-C;Padrão;Receitas Brutas Realizadas;RO2.4.1.4.00.0.0;2.4.1.4.00.0.0 - Transferências de Convênios da União e de suas Entidades ;2729608,64;8018
2024;Prefeitura Municipal de Tuparetama - PE;2615904;PE;DCA-Anexo I-C;Padrão;Receitas Brutas Realizadas;RO2.4.1.4.50.0.0;2.4.1.4.50.0.0 - Transferências de Convênios da União para o Sistema Único de Saúde ¿ SUS;94000,00;8018
2024;Prefeitura Municipal de Tuparetama - PE;2615904;PE;DCA-Anexo I-C;Padrão;Receitas Brutas Realizadas;RO2.4.1.4.51.0.0;2.4.1.4.51.0.0 - Transferências de Convênios da União destinadas a Programas de Educação;503571,97;8018
2024;Prefeitura Municipal de Tuparetama - PE;2615904;PE;DCA-Anexo I-C;Padrão;Receitas Brutas Realizadas;RO2.4.1.4.99.0.0;2.4.1.4.99.0.0 - Outras Transferências de Convênios da União e de Suas Entidades;2132036,67;8018
2024;Prefeitura Municipal de Tuparetama - PE;2615904;PE;DCA-Anexo I-C;Padrão;Receitas Brutas Realizadas;RO2.4.2.0.00.0.0;2.4.2.0.00.0.0 - Transferências dos Estados e do Distrito Federal e de suas Entidades;2606920,00;8018
2024;Prefeitura Municipal de Tuparetama - PE;2615904;PE;DCA-Anexo I-C;Padrão;Receitas Brutas Realizadas;RO2.4.2.2.00.0.0;2.4.2.2.00.0.0 - Transferências de Convênios dos Estados e DF e de Suas Entidades ;2606920,00;8018
2024;Prefeitura Municipal de Tuparetama - PE;2615904;PE;DCA-Anexo I-C;Padrão;Receitas Brutas Realizadas;RO2.4.2.2.50.0.0;2.4.2.2.50.0.0 - Transferências de Convênios dos Estados para o Sistema Único de Saúde ¿ SUS;310000,00;8018
2024;Prefeitura Municipal de Tuparetama - PE;2615904;PE;DCA-Anexo I-C;Padrão;Receitas Brutas Realizadas;RO2.4.2.2.51.0.0;2.4.2.2.51.0.0 - Transferências de Convênios dos Estados destinadas a Programas de Educação;367067,97;8018
2024;Prefeitura Municipal de Tuparetama - PE;2615904;PE;DCA-Anexo I-C;Padrão;Receitas Brutas Realizadas;RO2.4.2.2.99.0.0;2.4.2.2.99.0.0 - Outras Transferências de Convênios dos Estados e DF e de Suas Entidades;1929852,03;8018
2024;Prefeitura Municipal de Tuparetama - PE;2615904;PE;DCA-Anexo I-C;Padrão;Receitas Brutas Realizadas;ReceitasIntraOrcamentarias;RECEITAS (INTRA-ORÇAMENTÁRIAS) (II);7286331,43;8018
2024;Prefeitura Municipal de Tuparetama - PE;2615904;PE;DCA-Anexo I-C;Padrão;Receitas Brutas Realizadas;RI7.0.0.0.00.0.0;7.0.0.0.00.0.0 - Receitas Correntes;7286331,43;8018
2024;Prefeitura Municipal de Tuparetama - PE;2615904;PE;DCA-Anexo I-C;Padrão;Receitas Brutas Realizadas;RI7.2.0.0.00.0.0;7.2.0.0.00.0.0 - Contribuições;7286331,43;8018
2024;Prefeitura Municipal de Tuparetama - PE;2615904;PE;DCA-Anexo I-C;Padrão;Receitas Brutas Realizadas;RI7.2.1.0.00.0.0;7.2.1.0.00.0.0 - Contribuições Sociais;7286331,43;8018
2024;Prefeitura Municipal de Tuparetama - PE;2615904;PE;DCA-Anexo I-C;Padrão;Receitas Brutas Realizadas;RI7.2.1.5.00.0.0;7.2.1.5.00.0.0 - Contribuições para Regimes Próprios de Previdência e Sistema de Proteção Social;7286331,43;8018
2024;Prefeitura Municipal de Tuparetama - PE;2615904;PE;DCA-Anexo I-C;Padrão;Receitas Brutas Realizadas;RI7.2.1.5.01.0.0;7.2.1.5.01.0.0 - Contribuição do Servidor Civil;4624088,82;8018
2024;Prefeitura Municipal de Tuparetama - PE;2615904;PE;DCA-Anexo I-C;Padrão;Receitas Brutas Realizadas;RI7.2.1.5.02.0.0;7.2.1.5.02.0.0 - Contribuição Patronal - Servidor Civil;1180470,86;8018
2024;Prefeitura Municipal de Tuparetama - PE;2615904;PE;DCA-Anexo I-C;Padrão;Receitas Brutas Realizadas;RI7.2.1.5.02.1.0;7.2.1.5.02.1.0 - Contribuição Patronal - Servidor Civil Ativo;1180470,86;8018
2024;Prefeitura Municipal de Tuparetama - PE;2615904;PE;DCA-Anexo I-C;Padrão;Receitas Brutas Realizadas;RI7.2.1.5.51.0.0;7.2.1.5.51.0.0 - Contribuição Patronal - Parcelamentos;1481771,75;8018
2024;Prefeitura Municipal de Tuparetama - PE;2615904;PE;DCA-Anexo I-C;Padrão;Receitas Brutas Realizadas;RI7.2.1.5.51.1.0;7.2.1.5.51.1.0 - Contribuição Patronal - Servidor Civil Ativo - Parcelamentos;1481771,75;8018
2024;Prefeitura Municipal de Tuparetama - PE;2615904;PE;DCA-Anexo I-C;Padrão;Receitas Brutas Realizadas;TotalReceitas;TOTAL DAS RECEITAS (III) = (I + II);67323037,33;8018
2024;Prefeitura Municipal de Tuparetama - PE;2615904;PE;DCA-Anexo I-C;Padrão;Deduções - FUNDEB;TotalReceitas;TOTAL DAS RECEITAS (III) = (I + II);5405427,54;8018
